       114  EXT
         1         1  PRA       CBA                 -9.66200             0.53100            11.01000  GHEM      1                    0.00000
         2         1  PRA       HBA1               -10.75300             0.50800            10.84300  GHEM      1                    0.00000
         3         1  PRA       HBA2                -9.18400            -0.43900            10.83600  GHEM      1                    0.00000
         4         1  PRA       CGA                 -9.38100             1.00600            12.43200  GHEM      1                    0.00000
         5         1  PRA       O1A                 -8.30800             1.55000            12.68000  GHEM      1                    0.00000
         6         1  PRA       O2A                -10.28500             0.90300            13.38000  GHEM      1                    0.00000
         7         1  PRA       CAA                 -8.93800             1.59600            10.17300  GHEM      1                    0.00000
         8         1  PRA       HAA1                -7.84200             1.50900            10.29400  GHEM      1                    0.00000
         9         1  PRA       HAA2                -9.17800             2.60000            10.60400  GHEM      1                    0.00000
        10         2  HEM       FE                  -8.22500             0.99200             4.75100  GHEM      2                    0.00000
        11         2  HEM       NA                  -9.10900             1.53700             6.54300  GHEM      2                    0.00000
        12         2  HEM       NB                  -9.81800             1.79800             3.88000  GHEM      2                    0.00000
        13         2  HEM       NC                  -7.28800             0.55100             2.91600  GHEM      2                    0.00000
        14         2  HEM       ND                  -6.59600             0.20500             5.55300  GHEM      2                    0.00000
        15         2  HEM       C1A                 -8.50500             1.23100             7.66100  GHEM      2                    0.00000
        16         2  HEM       C2A                 -9.25400             1.76000             8.71000  GHEM      2                    0.00000
        17         2  HEM       C3A                -10.37300             2.36000             8.10300  GHEM      2                    0.00000
        18         2  HEM       C4A                -10.26300             2.11500             6.72100  GHEM      2                    0.00000
        19         2  HEM       C1B                -10.87300             2.39300             4.46900  GHEM      2                    0.00000
        20         2  HEM       C2B                -11.87600             2.81500             3.42000  GHEM      2                    0.00000
        21         2  HEM       C3B                -11.24800             2.42200             2.16500  GHEM      2                    0.00000
        22         2  HEM       C4B                 -9.98200             1.74600             2.51000  GHEM      2                    0.00000
        23         2  HEM       C1C                 -7.81400             0.86400             1.74200  GHEM      2                    0.00000
        24         2  HEM       C2C                 -6.92800             0.41100             0.68200  GHEM      2                    0.00000
        25         2  HEM       C3C                 -5.77800            -0.12700             1.37900  GHEM      2                    0.00000
        26         2  HEM       C4C                 -6.09700             0.01900             2.78500  GHEM      2                    0.00000
        27         2  HEM       C1D                 -5.50800            -0.32400             5.02900  GHEM      2                    0.00000
        28         2  HEM       C2D                 -4.54600            -0.83800             6.11100  GHEM      2                    0.00000
        29         2  HEM       C3D                 -5.24000            -0.50700             7.37900  GHEM      2                    0.00000
        30         2  HEM       C4D                 -6.46900             0.15300             6.92700  GHEM      2                    0.00000
        31         2  HEM       CHA                 -7.26600             0.61500             7.99100  GHEM      2                    0.00000
        32         2  HEM       HA                  -7.06300             0.27200             9.00000  GHEM      2                    0.00000
        33         2  HEM       CHB                -11.29300             2.66300             5.86000  GHEM      2                    0.00000
        34         2  HEM       HB                 -12.27800             3.02200             6.14300  GHEM      2                    0.00000
        35         2  HEM       CHC                 -9.10700             1.41800             1.40400  GHEM      2                    0.00000
        36         2  HEM       HC                  -9.50000             1.15300             0.43400  GHEM      2                    0.00000
        37         2  HEM       CHD                 -5.12300            -0.53900             3.68700  GHEM      2                    0.00000
        38         2  HEM       HD                  -4.29100            -1.21000             3.49100  GHEM      2                    0.00000
        39         2  HEM       CMA                -11.47400             2.89600             8.84700  GHEM      2                    0.00000
        40         2  HEM       HMA                -11.46100             2.81600             9.94200  GHEM      2                    0.00000
        41         2  HEM       OMA                -12.11300             3.97600             8.27000  GHEM      2                    0.00000
        42         2  HEM       CMB                -13.17000             3.52500             3.51000  GHEM      2                    0.00000
        43         2  HEM       HMB1               -13.03600             4.55700             3.14800  GHEM      2                    0.00000
        44         2  HEM       HMB2               -13.52700             3.56300             4.55800  GHEM      2                    0.00000
        45         2  HEM       HMB3               -13.96300             3.05800             2.89600  GHEM      2                    0.00000
        46         2  HEM       CMC                 -7.21100             0.53500            -0.80800  GHEM      2                    0.00000
        47         2  HEM       HMC1                -8.17400             1.03900            -1.02200  GHEM      2                    0.00000
        48         2  HEM       HMC2                -7.21700            -0.47000            -1.28000  GHEM      2                    0.00000
        49         2  HEM       HMC3                -6.40100             1.12900            -1.28300  GHEM      2                    0.00000
        50         2  HEM       CAC                 -4.51100            -0.73400             0.91400  GHEM      2                    0.00000
        51         2  HEM       HAC                 -3.73200            -1.01200             1.63800  GHEM      2                    0.00000
        52         2  HEM       CBC                 -4.24700            -0.93900            -0.38500  GHEM      2                    0.00000
        53         2  HEM       HBC1                -4.96100            -0.69200            -1.17800  GHEM      2                    0.00000
        54         2  HEM       HBC2                -3.28400            -1.37700            -0.69000  GHEM      2                    0.00000
        55         2  HEM       CMD                 -3.17100            -1.52800             5.98400  GHEM      2                    0.00000
        56         2  HEM       HMD1                -2.60400            -1.08900             5.13900  GHEM      2                    0.00000
        57         2  HEM       HMD2                -3.29100            -2.61900             5.82600  GHEM      2                    0.00000
        58         2  HEM       HMD3                -2.58000            -1.36600             6.91000  GHEM      2                    0.00000
        59         2  HEM       C11                -11.94800             2.80000             0.86000  GHEM      2                    0.00000
        60         2  HEM       H11                -12.48900             1.81600             0.86200  GHEM      2                    0.00000
        61         2  HEM       O11                -13.04200             3.36500             0.74900  GHEM      2                    0.00000
        62         2  HEM       HO11               -12.84900             4.20200             0.32300  GHEM      2                    0.00000
        63         2  HEM       C12                -11.34500             2.57000            -0.45800  GHEM      2                    0.00000
        64         2  HEM       H121               -11.39800             1.47700            -0.69300  GHEM      2                    0.00000
        65         2  HEM       H122               -10.27600             2.88300            -0.41500  GHEM      2                    0.00000
        66         2  HEM       C13                -12.11200             3.46300            -1.48300  GHEM      2                    0.00000
        67         2  HEM       H131               -11.83300             4.53300            -1.39000  GHEM      2                    0.00000
        68         2  HEM       H132               -13.19700             3.36400            -1.45700  GHEM      2                    0.00000
        69         2  HEM       C14                -11.32700             2.83900            -2.66000  GHEM      2                    0.00000
        70         2  HEM       H14                -10.23500             2.85600            -2.63100  GHEM      2                    0.00000
        71         2  HEM       C15                -12.24500             1.89800            -3.40100  GHEM      2                    0.00000
        72         2  HEM       C26                -13.65600             2.46800            -3.51500  GHEM      2                    0.00000
        73         2  HEM       H261               -14.13800             1.91700            -4.33000  GHEM      2                    0.00000
        74         2  HEM       H262               -13.66300             3.54200            -3.78800  GHEM      2                    0.00000
        75         2  HEM       H263               -14.27400             2.26300            -2.61900  GHEM      2                    0.00000
        76         2  HEM       C16                -11.45900             1.56100            -4.62100  GHEM      2                    0.00000
        77         2  HEM       H161               -11.10600             2.37400            -5.26000  GHEM      2                    0.00000
        78         2  HEM       H162               -12.20500             1.03900            -5.28000  GHEM      2                    0.00000
        79         2  HEM       C17                -10.40600             0.54500            -4.26100  GHEM      2                    0.00000
        80         2  HEM       H171               -10.88800            -0.25000            -3.63900  GHEM      2                    0.00000
        81         2  HEM       H172                -9.58300             1.02400            -3.68300  GHEM      2                    0.00000
        82         2  HEM       C18                 -9.89600            -0.01000            -5.53300  GHEM      2                    0.00000
        83         2  HEM       H18                -10.27700             0.33900            -6.49400  GHEM      2                    0.00000
        84         2  HEM       C19                 -9.22300            -1.31600            -5.22100  GHEM      2                    0.00000
        85         2  HEM       C27                 -8.54600            -1.41900            -3.85600  GHEM      2                    0.00000
        86         2  HEM       H271                -9.29800            -1.60800            -3.06500  GHEM      2                    0.00000
        87         2  HEM       H272                -7.96900            -0.50300            -3.62300  GHEM      2                    0.00000
        88         2  HEM       H273                -7.83500            -2.26300            -3.86100  GHEM      2                    0.00000
        89         2  HEM       C20                 -8.18600            -1.57500            -6.31100  GHEM      2                    0.00000
        90         2  HEM       H201                -7.17000            -1.58900            -5.85900  GHEM      2                    0.00000
        91         2  HEM       H202                -8.18800            -0.80100            -7.10800  GHEM      2                    0.00000
        92         2  HEM       C21                 -8.51800            -2.94000            -6.89800  GHEM      2                    0.00000
        93         2  HEM       H211                -9.55600            -2.97700            -7.28000  GHEM      2                    0.00000
        94         2  HEM       H212                -8.54400            -3.66100            -6.04100  GHEM      2                    0.00000
        95         2  HEM       C22                 -7.43800            -3.52500            -7.82600  GHEM      2                    0.00000
        96         2  HEM       H22                 -6.78000            -4.28800            -7.40100  GHEM      2                    0.00000
        97         2  HEM       C23                 -8.15800            -3.64300            -9.22000  GHEM      2                    0.00000
        98         2  HEM       C24                 -7.22400            -4.18300           -10.26100  GHEM      2                    0.00000
        99         2  HEM       H241                -6.37500            -3.49200           -10.43700  GHEM      2                    0.00000
       100         2  HEM       H242                -7.76800            -4.32400           -11.22000  GHEM      2                    0.00000
       101         2  HEM       H243                -6.82400            -5.17200            -9.94800  GHEM      2                    0.00000
       102         2  HEM       C25                 -9.00700            -2.44500            -9.59300  GHEM      2                    0.00000
       103         2  HEM       H251                -8.60400            -1.49800            -9.18000  GHEM      2                    0.00000
       104         2  HEM       H252               -10.05800            -2.58300            -9.26300  GHEM      2                    0.00000
       105         2  HEM       H253                -9.01700            -2.33800           -10.69900  GHEM      2                    0.00000
       106         3  PRD       CAD                 -4.71500            -0.70500             8.78900  GHEM      3                    0.00000
       107         3  PRD       HAD1                -5.07300             0.09300             9.46800  GHEM      3                    0.00000
       108         3  PRD       HAD2                -3.60500            -0.70800             8.79400  GHEM      3                    0.00000
       109         3  PRD       CBD                 -5.27000            -2.13100             9.26600  GHEM      3                    0.00000
       110         3  PRD       HBD1                -4.89200            -2.91600             8.58700  GHEM      3                    0.00000
       111         3  PRD       HBD2                -6.37600            -2.12800             9.23600  GHEM      3                    0.00000
       112         3  PRD       CGD                 -4.84600            -2.51000            10.70800  GHEM      3                    0.00000
       113         3  PRD       O1D                 -4.06500            -3.45600            11.08200  GHEM      3                    0.00000
       114         3  PRD       O2D                 -5.21000            -1.58900            11.55600  GHEM      3                    0.00000
