        60  EXT
         1         1  PRA       CBA                 -1.40400            26.46400            43.02900  EHEM      562                  0.00000
         2         1  PRA       CGA                 -0.65500            27.57800            42.31800  EHEM      562                  0.00000
         3         1  PRA       O1A                 -1.29900            28.58600            41.91800  EHEM      562                  0.00000
         4         1  PRA       O2A                  0.58000            27.43300            42.15300  EHEM      562                  0.00000
         5         1  PRA       CAA                 -1.01700            25.07200            42.52100  EHEM      562                  0.00000
         6         1  HEM       FE                  -1.57800            20.50400            45.73600  EHEM      562                  0.00000
         7         1  HEM       NA                  -1.95400            22.08600            44.66300  EHEM      562                  0.00000
         8         1  HEM       NB                  -3.42200            20.00700            45.71500  EHEM      562                  0.00000
         9         1  HEM       NC                  -1.15500            18.86100            46.67100  EHEM      562                  0.00000
        10         1  HEM       ND                   0.28000            21.03600            45.83500  EHEM      562                  0.00000
        11         1  HEM       C1A                 -1.07500            23.04400            44.22200  EHEM      562                  0.00000
        12         1  HEM       C2A                 -1.69800            23.96100            43.29100  EHEM      562                  0.00000
        13         1  HEM       C3A                 -2.97600            23.58500            43.18200  EHEM      562                  0.00000
        14         1  HEM       C4A                 -3.13300            22.42400            44.05600  EHEM      562                  0.00000
        15         1  HEM       C1B                 -4.45100            20.63400            45.06600  EHEM      562                  0.00000
        16         1  HEM       C2B                 -5.71100            19.97800            45.33000  EHEM      562                  0.00000
        17         1  HEM       C3B                 -5.41700            18.95300            46.15000  EHEM      562                  0.00000
        18         1  HEM       C4B                 -4.01800            18.95000            46.35700  EHEM      562                  0.00000
        19         1  HEM       C1C                 -2.01400            17.89400            47.11500  EHEM      562                  0.00000
        20         1  HEM       C2C                 -1.32100            16.80000            47.72000  EHEM      562                  0.00000
        21         1  HEM       C3C                  0.00300            17.10400            47.65500  EHEM      562                  0.00000
        22         1  HEM       C4C                  0.07800            18.39400            47.03300  EHEM      562                  0.00000
        23         1  HEM       C1D                  1.32700            20.35700            46.39600  EHEM      562                  0.00000
        24         1  HEM       C2D                  2.55200            21.10200            46.31200  EHEM      562                  0.00000
        25         1  HEM       C3D                  2.25700            22.23900            45.66800  EHEM      562                  0.00000
        26         1  HEM       C4D                  0.85800            22.18200            45.36100  EHEM      562                  0.00000
        27         1  HEM       CHA                  0.23100            23.10100            44.58500  EHEM      562                  0.00000
        28         1  HEM       CHB                 -4.31200            21.75000            44.27100  EHEM      562                  0.00000
        29         1  HEM       CHC                 -3.35600            17.95300            46.99500  EHEM      562                  0.00000
        30         1  HEM       CHD                  1.23600            19.11200            46.92700  EHEM      562                  0.00000
        31         1  HEM       CMA                 -4.01500            24.19200            42.25000  EHEM      562                  0.00000
        32         1  HEM       OMA                 -5.21200            23.89500            42.24000  EHEM      562                  0.00000
        33         1  HEM       CMB                 -7.06900            20.35900            44.77300  EHEM      562                  0.00000
        34         1  HEM       CMC                 -1.97400            15.56700            48.30500  EHEM      562                  0.00000
        35         1  HEM       CAC                  1.10300            16.33000            48.01300  EHEM      562                  0.00000
        36         1  HEM       CBC                  1.03700            15.25200            48.79400  EHEM      562                  0.00000
        37         1  HEM       CMD                  3.91100            20.70700            46.85900  EHEM      562                  0.00000
        38         1  HEM       C11                 -6.38100            18.02700            46.82100  EHEM      562                  0.00000
        39         1  HEM       O11                 -7.64200            18.68400            47.04200  EHEM      562                  0.00000
        40         1  HEM       C12                 -6.67500            16.80300            45.94900  EHEM      562                  0.00000
        41         1  HEM       C13                 -7.74600            15.87800            46.55400  EHEM      562                  0.00000
        42         1  HEM       C14                 -7.14800            15.02900            47.64800  EHEM      562                  0.00000
        43         1  HEM       C15                 -7.92100            14.47500            48.65800  EHEM      562                  0.00000
        44         1  HEM       C26                 -9.37300            14.83700            48.81000  EHEM      562                  0.00000
        45         1  HEM       C16                 -7.36800            13.44900            49.62600  EHEM      562                  0.00000
        46         1  HEM       C17                 -6.08900            13.94500            50.26300  EHEM      562                  0.00000
        47         1  HEM       C18                 -5.55700            12.92600            51.22800  EHEM      562                  0.00000
        48         1  HEM       C19                 -4.38700            13.14800            51.92300  EHEM      562                  0.00000
        49         1  HEM       C27                 -3.65200            14.44900            51.80900  EHEM      562                  0.00000
        50         1  HEM       C20                 -3.76600            12.10900            52.80800  EHEM      562                  0.00000
        51         1  HEM       C21                 -4.67000            11.77700            53.99000  EHEM      562                  0.00000
        52         1  HEM       C22                 -3.94400            10.78800            54.85100  EHEM      562                  0.00000
        53         1  HEM       C23                 -4.57800             9.94100            55.71500  EHEM      562                  0.00000
        54         1  HEM       C25                 -6.06800             9.77600            55.70800  EHEM      562                  0.00000
        55         1  HEM       C24                 -3.79300             9.12700            56.69600  EHEM      562                  0.00000
        56         1  PRD       CAD                  3.21200            23.36800            45.34400  EHEM      562                  0.00000
        57         1  PRD       CBD                  2.91300            24.65000            46.09900  EHEM      562                  0.00000
        58         1  PRD       CGD                  3.77000            25.79400            45.59100  EHEM      562                  0.00000
        59         1  PRD       O1D                  4.81700            26.08500            46.20300  EHEM      562                  0.00000
        60         1  PRD       O2D                  3.41000            26.38800            44.55300  EHEM      562                  0.00000
