        60  EXT
         1         1  PRA       CAA                 10.38600            19.58700            37.02100  GHEM      563                  0.00000
         2         1  PRA       CBA                  9.14300            20.34200            36.56300  GHEM      563                  0.00000
         3         1  PRA       CGA                  9.40900            21.81700            36.30900  GHEM      563                  0.00000
         4         1  PRA       O1A                 10.52700            22.15200            35.86100  GHEM      563                  0.00000
         5         1  PRA       O2A                  8.50300            22.64200            36.55300  GHEM      563                  0.00000
         6         1  HEM       FE                   8.30700            14.83200            39.19300  GHEM      563                  0.00000
         7         1  HEM       NA                   9.36800            16.11000            38.16700  GHEM      563                  0.00000
         8         1  HEM       NB                   9.31200            13.40300            38.31400  GHEM      563                  0.00000
         9         1  HEM       NC                   7.97500            13.57200            40.66800  GHEM      563                  0.00000
        10         1  HEM       ND                   7.99900            16.27000            40.49400  GHEM      563                  0.00000
        11         1  HEM       C1A                  9.36100            17.48400            38.25900  GHEM      563                  0.00000
        12         1  HEM       C2A                 10.15000            18.09400            37.23400  GHEM      563                  0.00000
        13         1  HEM       C3A                 10.66400            17.09200            36.51500  GHEM      563                  0.00000
        14         1  HEM       C4A                 10.17300            15.87800            37.08600  GHEM      563                  0.00000
        15         1  HEM       C1B                 10.08400            13.49200            37.17700  GHEM      563                  0.00000
        16         1  HEM       C2B                 10.48100            12.20200            36.68100  GHEM      563                  0.00000
        17         1  HEM       C3B                  9.97100            11.31600            37.53100  GHEM      563                  0.00000
        18         1  HEM       C4B                  9.25800            12.03800            38.55400  GHEM      563                  0.00000
        19         1  HEM       C1C                  8.08700            12.18900            40.65300  GHEM      563                  0.00000
        20         1  HEM       C2C                  7.51600            11.58600            41.84100  GHEM      563                  0.00000
        21         1  HEM       C3C                  7.04900            12.61100            42.60500  GHEM      563                  0.00000
        22         1  HEM       C4C                  7.34600            13.81700            41.87500  GHEM      563                  0.00000
        23         1  HEM       C1D                  7.35800            16.20300            41.71300  GHEM      563                  0.00000
        24         1  HEM       C2D                  7.05500            17.51100            42.25000  GHEM      563                  0.00000
        25         1  HEM       C3D                  7.51500            18.38700            41.36600  GHEM      563                  0.00000
        26         1  HEM       C4D                  8.11300            17.62600            40.29800  GHEM      563                  0.00000
        27         1  HEM       CHA                  8.75300            18.18600            39.24400  GHEM      563                  0.00000
        28         1  HEM       CHB                 10.47900            14.65400            36.61500  GHEM      563                  0.00000
        29         1  HEM       CHC                  8.68000            11.47800            39.64800  GHEM      563                  0.00000
        30         1  HEM       CHD                  7.05400            15.05200            42.34700  GHEM      563                  0.00000
        31         1  HEM       CMA                 11.65400            17.22200            35.38900  GHEM      563                  0.00000
        32         1  HEM       OMA                 12.31300            16.29500            34.94500  GHEM      563                  0.00000
        33         1  HEM       CMB                 11.32900            11.90800            35.45200  GHEM      563                  0.00000
        34         1  HEM       CMC                  7.47400            10.08900            42.16600  GHEM      563                  0.00000
        35         1  HEM       CAC                  6.40400            12.55100            43.85200  GHEM      563                  0.00000
        36         1  HEM       CBC                  5.60100            11.54600            44.22900  GHEM      563                  0.00000
        37         1  HEM       CMD                  6.33800            17.83800            43.56300  GHEM      563                  0.00000
        38         1  HEM       C11                 10.13400             9.82800            37.39200  GHEM      563                  0.00000
        39         1  HEM       O11                 10.47600             9.24800            38.66100  GHEM      563                  0.00000
        40         1  HEM       C12                  8.83300             9.18300            36.90800  GHEM      563                  0.00000
        41         1  HEM       C13                  8.99300             7.72800            36.46600  GHEM      563                  0.00000
        42         1  HEM       C14                  7.64900             7.13200            36.11400  GHEM      563                  0.00000
        43         1  HEM       C15                  7.37800             6.58600            34.87500  GHEM      563                  0.00000
        44         1  HEM       C26                  8.41900             6.56900            33.80000  GHEM      563                  0.00000
        45         1  HEM       C16                  6.02800             5.99600            34.53300  GHEM      563                  0.00000
        46         1  HEM       C17                  5.92700             4.53100            34.97200  GHEM      563                  0.00000
        47         1  HEM       C18                  5.72700             3.63200            33.76100  GHEM      563                  0.00000
        48         1  HEM       C19                  6.78400             3.09700            33.05200  GHEM      563                  0.00000
        49         1  HEM       C27                  8.18700             3.22500            33.55200  GHEM      563                  0.00000
        50         1  HEM       C20                  6.59900             2.38400            31.74600  GHEM      563                  0.00000
        51         1  HEM       C21                  7.80500             2.69000            30.82200  GHEM      563                  0.00000
        52         1  HEM       C22                  7.69700             4.10100            30.28600  GHEM      563                  0.00000
        53         1  HEM       C23                  8.63000             4.67600            29.43900  GHEM      563                  0.00000
        54         1  HEM       C24                 10.09800             4.46500            29.61900  GHEM      563                  0.00000
        55         1  HEM       C25                  8.21600             5.55600            28.29900  GHEM      563                  0.00000
        56         1  PRD       CAD                  7.35700            19.88700            41.42800  GHEM      563                  0.00000
        57         1  PRD       CBD                  8.08100            20.55800            42.56300  GHEM      563                  0.00000
        58         1  PRD       CGD                  7.76500            22.03700            42.60400  GHEM      563                  0.00000
        59         1  PRD       O1D                  6.73000            22.41100            43.21000  GHEM      563                  0.00000
        60         1  PRD       O2D                  8.53400            22.81500            41.99700  GHEM      563                  0.00000
