        60  EXT
         1         1  PRA       CBA                109.90000           105.34300           124.05900  EHEM      601                  0.00000
         2         1  PRA       CGA                109.98400           106.59100           124.90100  EHEM      601                  0.00000
         3         1  PRA       O1A                110.89500           106.67100           125.73400  EHEM      601                  0.00000
         4         1  PRA       O2A                109.06200           107.43600           124.88100  EHEM      601                  0.00000
         5         1  PRA       CAA                108.45900           104.92200           124.07300  EHEM      601                  0.00000
         6         1  HEM       FE                 107.07800           101.50800           119.84600  EHEM      601                  0.00000
         7         1  HEM       NA                 107.55500           102.27700           121.67700  EHEM      601                  0.00000
         8         1  HEM       NB                 106.62400            99.49500           120.53100  EHEM      601                  0.00000
         9         1  HEM       NC                 106.39400           100.96500           117.88900  EHEM      601                  0.00000
        10         1  HEM       ND                 107.39100           103.41900           118.93500  EHEM      601                  0.00000
        11         1  HEM       C1A                107.91000           103.56700           121.86100  EHEM      601                  0.00000
        12         1  HEM       C2A                108.10500           103.66800           123.27100  EHEM      601                  0.00000
        13         1  HEM       C3A                107.84800           102.46800           123.78400  EHEM      601                  0.00000
        14         1  HEM       C4A                107.47400           101.52800           122.72500  EHEM      601                  0.00000
        15         1  HEM       C1B                106.78400            99.23200           121.77700  EHEM      601                  0.00000
        16         1  HEM       C2B                106.47300            97.88300           121.92400  EHEM      601                  0.00000
        17         1  HEM       C3B                106.08900            97.40500           120.74200  EHEM      601                  0.00000
        18         1  HEM       C4B                106.24200            98.48400           119.77600  EHEM      601                  0.00000
        19         1  HEM       C1C                105.99800            99.71000           117.61200  EHEM      601                  0.00000
        20         1  HEM       C2C                105.65100            99.62300           116.24200  EHEM      601                  0.00000
        21         1  HEM       C3C                105.87200           100.81700           115.68600  EHEM      601                  0.00000
        22         1  HEM       C4C                106.41200           101.67500           116.73000  EHEM      601                  0.00000
        23         1  HEM       C1D                107.22700           103.74800           117.63300  EHEM      601                  0.00000
        24         1  HEM       C2D                107.58500           105.11400           117.45000  EHEM      601                  0.00000
        25         1  HEM       C3D                107.95800           105.56200           118.63300  EHEM      601                  0.00000
        26         1  HEM       C4D                107.85400           104.46000           119.57100  EHEM      601                  0.00000
        27         1  HEM       CHA                108.09900           104.51500           120.90300  EHEM      601                  0.00000
        28         1  HEM       CHB                107.18100           100.16800           122.73500  EHEM      601                  0.00000
        29         1  HEM       CHC                105.94700            98.63000           118.46700  EHEM      601                  0.00000
        30         1  HEM       CHD                106.75500           102.95500           116.63300  EHEM      601                  0.00000
        31         1  HEM       CMA                107.92800           102.23400           125.25300  EHEM      601                  0.00000
        32         1  HEM       OMA                106.99400           101.69200           125.79000  EHEM      601                  0.00000
        33         1  HEM       CMB                106.54300            97.21000           123.31300  EHEM      601                  0.00000
        34         1  HEM       CMC                105.10900            98.32700           115.63300  EHEM      601                  0.00000
        35         1  HEM       CAC                105.65000           101.25100           114.24400  EHEM      601                  0.00000
        36         1  HEM       CBC                104.78100           100.62900           113.51100  EHEM      601                  0.00000
        37         1  HEM       CMD                107.50800           105.85400           116.11000  EHEM      601                  0.00000
        38         1  HEM       C11                105.69100            95.96100           120.48200  EHEM      601                  0.00000
        39         1  HEM       O11                106.75300            95.17100           120.90500  EHEM      601                  0.00000
        40         1  HEM       C12                104.26600            95.45900           120.70500  EHEM      601                  0.00000
        41         1  HEM       C13                104.11800            94.03400           120.12000  EHEM      601                  0.00000
        42         1  HEM       C14                104.30200            93.86100           118.61700  EHEM      601                  0.00000
        43         1  HEM       C15                105.02400            92.81700           118.11800  EHEM      601                  0.00000
        44         1  HEM       C26                105.53900            91.77700           119.08500  EHEM      601                  0.00000
        45         1  HEM       C16                104.85700            92.28100           116.69400  EHEM      601                  0.00000
        46         1  HEM       C17                104.96600            93.18300           115.45000  EHEM      601                  0.00000
        47         1  HEM       C18                105.67100            92.67600           114.18300  EHEM      601                  0.00000
        48         1  HEM       C19                106.59000            93.40000           113.50400  EHEM      601                  0.00000
        49         1  HEM       C27                106.54100            94.90600           113.56200  EHEM      601                  0.00000
        50         1  HEM       C20                107.20600            92.75400           112.24900  EHEM      601                  0.00000
        51         1  HEM       C21                106.07600            92.50800           111.25500  EHEM      601                  0.00000
        52         1  HEM       C22                106.56600            92.22400           109.85600  EHEM      601                  0.00000
        53         1  HEM       C23                106.04300            91.18000           109.18100  EHEM      601                  0.00000
        54         1  HEM       C24                105.91600            89.94000           110.02900  EHEM      601                  0.00000
        55         1  HEM       C25                106.16600            90.98200           107.69400  EHEM      601                  0.00000
        56         1  PRD       CAD                108.48400           106.95100           118.98300  EHEM      601                  0.00000
        57         1  PRD       CBD                110.01000           106.84000           119.06200  EHEM      601                  0.00000
        58         1  PRD       CGD                110.65400           108.22800           119.16800  EHEM      601                  0.00000
        59         1  PRD       O1D                110.31700           109.00100           120.07200  EHEM      601                  0.00000
        60         1  PRD       O2D                111.78400           108.36300           118.69100  EHEM      601                  0.00000
