        60  EXT
         1         1  PRA       CBA                 99.93300           114.27100           119.39300  GHEM      602                  0.00000
         2         1  PRA       CGA                101.04200           115.09800           119.96500  GHEM      602                  0.00000
         3         1  PRA       O1A                102.20600           114.70400           119.82800  GHEM      602                  0.00000
         4         1  PRA       O2A                100.81800           115.83800           120.92000  GHEM      602                  0.00000
         5         1  PRA       CAA                 99.91900           114.65500           117.92800  GHEM      602                  0.00000
         6         1  HEM       FE                  98.15700           110.03700           115.16900  GHEM      602                  0.00000
         7         1  HEM       NA                  98.16400           111.94700           116.18100  GHEM      602                  0.00000
         8         1  HEM       NB                  96.11100           110.46000           114.60900  GHEM      602                  0.00000
         9         1  HEM       NC                  98.12700           108.36700           113.98200  GHEM      602                  0.00000
        10         1  HEM       ND                 100.22100           109.71900           115.48500  GHEM      602                  0.00000
        11         1  HEM       C1A                 99.28200           112.41900           116.69400  GHEM      602                  0.00000
        12         1  HEM       C2A                 98.96400           113.71600           117.21300  GHEM      602                  0.00000
        13         1  HEM       C3A                 97.66800           113.95700           116.96800  GHEM      602                  0.00000
        14         1  HEM       C4A                 97.14700           112.79400           116.26900  GHEM      602                  0.00000
        15         1  HEM       C1B                 95.42800           111.56100           114.98900  GHEM      602                  0.00000
        16         1  HEM       C2B                 94.12300           111.45900           114.40600  GHEM      602                  0.00000
        17         1  HEM       C3B                 94.05400           110.33400           113.69700  GHEM      602                  0.00000
        18         1  HEM       C4B                 95.35200           109.66600           113.81800  GHEM      602                  0.00000
        19         1  HEM       C1C                 97.03100           107.96900           113.28200  GHEM      602                  0.00000
        20         1  HEM       C2C                 97.37700           106.78000           112.56700  GHEM      602                  0.00000
        21         1  HEM       C3C                 98.65700           106.49400           112.82500  GHEM      602                  0.00000
        22         1  HEM       C4C                 99.15700           107.51600           113.74300  GHEM      602                  0.00000
        23         1  HEM       C1D                100.90500           108.68700           115.04100  GHEM      602                  0.00000
        24         1  HEM       C2D                102.28300           108.89400           115.47600  GHEM      602                  0.00000
        25         1  HEM       C3D                102.29300           110.02600           116.17800  GHEM      602                  0.00000
        26         1  HEM       C4D                100.95200           110.55300           116.17200  GHEM      602                  0.00000
        27         1  HEM       CHA                100.48400           111.73100           116.73900  GHEM      602                  0.00000
        28         1  HEM       CHB                 95.89400           112.58000           115.79000  GHEM      602                  0.00000
        29         1  HEM       CHC                 95.79000           108.50400           113.26100  GHEM      602                  0.00000
        30         1  HEM       CHD                100.39200           107.64900           114.28400  GHEM      602                  0.00000
        31         1  HEM       CMA                 96.96800           115.21900           117.37100  GHEM      602                  0.00000
        32         1  HEM       OMA                 96.04400           115.69500           116.70700  GHEM      602                  0.00000
        33         1  HEM       CMB                 93.00600           112.48900           114.58400  GHEM      602                  0.00000
        34         1  HEM       CMC                 96.37200           106.04500           111.66800  GHEM      602                  0.00000
        35         1  HEM       CAC                 99.47500           105.31800           112.28700  GHEM      602                  0.00000
        36         1  HEM       CBC                 99.02000           104.33300           111.53800  GHEM      602                  0.00000
        37         1  HEM       CMD                103.42400           107.94700           115.17000  GHEM      602                  0.00000
        38         1  HEM       C11                 92.76600           109.93400           112.94800  GHEM      602                  0.00000
        39         1  HEM       O11                 92.99400           109.68100           111.58200  GHEM      602                  0.00000
        40         1  HEM       C12                 91.99600           108.78900           113.62100  GHEM      602                  0.00000
        41         1  HEM       C13                 90.55700           108.67100           113.07800  GHEM      602                  0.00000
        42         1  HEM       C14                 89.86500           107.36900           113.43600  GHEM      602                  0.00000
        43         1  HEM       C15                 88.85400           107.26100           114.33500  GHEM      602                  0.00000
        44         1  HEM       C26                 88.15400           108.44500           114.94000  GHEM      602                  0.00000
        45         1  HEM       C16                 88.24700           105.91800           114.69900  GHEM      602                  0.00000
        46         1  HEM       C17                 87.09700           105.62000           113.71500  GHEM      602                  0.00000
        47         1  HEM       C18                 85.82200           106.45100           113.91900  GHEM      602                  0.00000
        48         1  HEM       C19                 84.80100           106.01400           114.67100  GHEM      602                  0.00000
        49         1  HEM       C27                 84.82400           104.61600           115.23000  GHEM      602                  0.00000
        50         1  HEM       C20                 83.45100           106.68100           114.46900  GHEM      602                  0.00000
        51         1  HEM       C21                 83.32200           108.14800           114.88700  GHEM      602                  0.00000
        52         1  HEM       C22                 84.22700           108.51100           116.04400  GHEM      602                  0.00000
        53         1  HEM       C23                 84.05000           109.63400           116.76300  GHEM      602                  0.00000
        54         1  HEM       C24                 83.24100           110.69600           116.05500  GHEM      602                  0.00000
        55         1  HEM       C25                 85.01400           110.10400           117.82900  GHEM      602                  0.00000
        56         1  PRD       CAD                103.40800           110.76200           116.89800  GHEM      602                  0.00000
        57         1  PRD       CBD                104.66100           111.07000           116.13700  GHEM      602                  0.00000
        58         1  PRD       CGD                105.63400           111.36400           117.27000  GHEM      602                  0.00000
        59         1  PRD       O1D                106.60500           110.61700           117.41100  GHEM      602                  0.00000
        60         1  PRD       O2D                105.59600           112.48500           117.79900  GHEM      602                  0.00000
