IMPROPER 12345 12356 12348 12350 $FC -120.0
DIHEDRAL 12380 12383 12385 12387 $FC  0.0
IMPROPER 12479 12490 12482 12484 $FC -120.0
DIHEDRAL 12514 12517 12519 12521 $FC  0.0
IMPROPER 12613 12624 12616 12618 $FC -120.0
DIHEDRAL 12648 12651 12653 12655 $FC  0.0
IMPROPER 12747 12758 12750 12752 $FC -120.0
DIHEDRAL 12782 12785 12787 12789 $FC  0.0
IMPROPER 12881 12892 12884 12886 $FC -120.0
DIHEDRAL 12916 12919 12921 12923 $FC  0.0
IMPROPER 13015 13026 13018 13020 $FC -120.0
DIHEDRAL 13050 13053 13055 13057 $FC  0.0
IMPROPER 13149 13160 13152 13154 $FC -120.0
DIHEDRAL 13184 13187 13189 13191 $FC  0.0
IMPROPER 13283 13294 13286 13288 $FC -120.0
DIHEDRAL 13318 13321 13323 13325 $FC  0.0
IMPROPER 13417 13428 13420 13422 $FC -120.0
DIHEDRAL 13452 13455 13457 13459 $FC  0.0
IMPROPER 13551 13562 13554 13556 $FC -120.0
DIHEDRAL 13586 13589 13591 13593 $FC  0.0
IMPROPER 13685 13696 13688 13690 $FC -120.0
DIHEDRAL 13720 13723 13725 13727 $FC  0.0
IMPROPER 13819 13830 13822 13824 $FC -120.0
DIHEDRAL 13854 13857 13859 13861 $FC  0.0
IMPROPER 13953 13964 13956 13958 $FC -120.0
DIHEDRAL 13988 13991 13993 13995 $FC  0.0
IMPROPER 14087 14098 14090 14092 $FC -120.0
DIHEDRAL 14122 14125 14127 14129 $FC  0.0
IMPROPER 14221 14232 14224 14226 $FC -120.0
DIHEDRAL 14256 14259 14261 14263 $FC  0.0
IMPROPER 14355 14366 14358 14360 $FC -120.0
DIHEDRAL 14390 14393 14395 14397 $FC  0.0
IMPROPER 14489 14500 14492 14494 $FC -120.0
DIHEDRAL 14524 14527 14529 14531 $FC  0.0
IMPROPER 14623 14634 14626 14628 $FC -120.0
DIHEDRAL 14658 14661 14663 14665 $FC  0.0
IMPROPER 14757 14768 14760 14762 $FC -120.0
DIHEDRAL 14792 14795 14797 14799 $FC  0.0
IMPROPER 14891 14902 14894 14896 $FC -120.0
DIHEDRAL 14926 14929 14931 14933 $FC  0.0
IMPROPER 15025 15036 15028 15030 $FC -120.0
DIHEDRAL 15060 15063 15065 15067 $FC  0.0
IMPROPER 15159 15170 15162 15164 $FC -120.0
DIHEDRAL 15194 15197 15199 15201 $FC  0.0
IMPROPER 15293 15304 15296 15298 $FC -120.0
DIHEDRAL 15328 15331 15333 15335 $FC  0.0
IMPROPER 15427 15438 15430 15432 $FC -120.0
DIHEDRAL 15462 15465 15467 15469 $FC  0.0
IMPROPER 15561 15572 15564 15566 $FC -120.0
DIHEDRAL 15596 15599 15601 15603 $FC  0.0
IMPROPER 15695 15706 15698 15700 $FC -120.0
DIHEDRAL 15730 15733 15735 15737 $FC  0.0
IMPROPER 15829 15840 15832 15834 $FC -120.0
DIHEDRAL 15864 15867 15869 15871 $FC  0.0
IMPROPER 15963 15974 15966 15968 $FC -120.0
DIHEDRAL 15998 16001 16003 16005 $FC  0.0
IMPROPER 16097 16108 16100 16102 $FC -120.0
DIHEDRAL 16132 16135 16137 16139 $FC  0.0
IMPROPER 16231 16242 16234 16236 $FC -120.0
DIHEDRAL 16266 16269 16271 16273 $FC  0.0
IMPROPER 16365 16376 16368 16370 $FC -120.0
DIHEDRAL 16400 16403 16405 16407 $FC  0.0
IMPROPER 16499 16510 16502 16504 $FC -120.0
DIHEDRAL 16534 16537 16539 16541 $FC  0.0
IMPROPER 16633 16644 16636 16638 $FC -120.0
DIHEDRAL 16668 16671 16673 16675 $FC  0.0
IMPROPER 16767 16778 16770 16772 $FC -120.0
DIHEDRAL 16802 16805 16807 16809 $FC  0.0
IMPROPER 16901 16912 16904 16906 $FC -120.0
DIHEDRAL 16936 16939 16941 16943 $FC  0.0
IMPROPER 17035 17046 17038 17040 $FC -120.0
DIHEDRAL 17070 17073 17075 17077 $FC  0.0
IMPROPER 17169 17180 17172 17174 $FC -120.0
DIHEDRAL 17204 17207 17209 17211 $FC  0.0
IMPROPER 17303 17314 17306 17308 $FC -120.0
DIHEDRAL 17338 17341 17343 17345 $FC  0.0
IMPROPER 17437 17448 17440 17442 $FC -120.0
DIHEDRAL 17472 17475 17477 17479 $FC  0.0
IMPROPER 17571 17582 17574 17576 $FC -120.0
DIHEDRAL 17606 17609 17611 17613 $FC  0.0
IMPROPER 17705 17716 17708 17710 $FC -120.0
DIHEDRAL 17740 17743 17745 17747 $FC  0.0
IMPROPER 17839 17850 17842 17844 $FC -120.0
DIHEDRAL 17874 17877 17879 17881 $FC  0.0
IMPROPER 17973 17984 17976 17978 $FC -120.0
DIHEDRAL 18008 18011 18013 18015 $FC  0.0
IMPROPER 18107 18118 18110 18112 $FC -120.0
DIHEDRAL 18142 18145 18147 18149 $FC  0.0
IMPROPER 18241 18252 18244 18246 $FC -120.0
DIHEDRAL 18276 18279 18281 18283 $FC  0.0
IMPROPER 18375 18386 18378 18380 $FC -120.0
DIHEDRAL 18410 18413 18415 18417 $FC  0.0
IMPROPER 18509 18520 18512 18514 $FC -120.0
DIHEDRAL 18544 18547 18549 18551 $FC  0.0
IMPROPER 18643 18654 18646 18648 $FC -120.0
DIHEDRAL 18678 18681 18683 18685 $FC  0.0
IMPROPER 18777 18788 18780 18782 $FC -120.0
DIHEDRAL 18812 18815 18817 18819 $FC  0.0
IMPROPER 18911 18922 18914 18916 $FC -120.0
DIHEDRAL 18946 18949 18951 18953 $FC  0.0
IMPROPER 19045 19056 19048 19050 $FC -120.0
DIHEDRAL 19080 19083 19085 19087 $FC  0.0
IMPROPER 19179 19190 19182 19184 $FC -120.0
DIHEDRAL 19214 19217 19219 19221 $FC  0.0
IMPROPER 19313 19324 19316 19318 $FC -120.0
DIHEDRAL 19348 19351 19353 19355 $FC  0.0
IMPROPER 19447 19458 19450 19452 $FC -120.0
DIHEDRAL 19482 19485 19487 19489 $FC  0.0
IMPROPER 19581 19592 19584 19586 $FC -120.0
DIHEDRAL 19616 19619 19621 19623 $FC  0.0
IMPROPER 19715 19726 19718 19720 $FC -120.0
DIHEDRAL 19750 19753 19755 19757 $FC  0.0
IMPROPER 19849 19860 19852 19854 $FC -120.0
DIHEDRAL 19884 19887 19889 19891 $FC  0.0
IMPROPER 19983 19994 19986 19988 $FC -120.0
DIHEDRAL 20018 20021 20023 20025 $FC  0.0
IMPROPER 20117 20128 20120 20122 $FC -120.0
DIHEDRAL 20152 20155 20157 20159 $FC  0.0
IMPROPER 20251 20262 20254 20256 $FC -120.0
DIHEDRAL 20286 20289 20291 20293 $FC  0.0
IMPROPER 20385 20396 20388 20390 $FC -120.0
DIHEDRAL 20420 20423 20425 20427 $FC  0.0
IMPROPER 20519 20530 20522 20524 $FC -120.0
DIHEDRAL 20554 20557 20559 20561 $FC  0.0
IMPROPER 20653 20664 20656 20658 $FC -120.0
DIHEDRAL 20688 20691 20693 20695 $FC  0.0
IMPROPER 20787 20798 20790 20792 $FC -120.0
DIHEDRAL 20822 20825 20827 20829 $FC  0.0
IMPROPER 20921 20932 20924 20926 $FC -120.0
DIHEDRAL 20956 20959 20961 20963 $FC  0.0
IMPROPER 21055 21066 21058 21060 $FC -120.0
DIHEDRAL 21090 21093 21095 21097 $FC  0.0
IMPROPER 21189 21200 21192 21194 $FC -120.0
DIHEDRAL 21224 21227 21229 21231 $FC  0.0
IMPROPER 21323 21334 21326 21328 $FC -120.0
DIHEDRAL 21358 21361 21363 21365 $FC  0.0
IMPROPER 21457 21468 21460 21462 $FC -120.0
DIHEDRAL 21492 21495 21497 21499 $FC  0.0
IMPROPER 21591 21602 21594 21596 $FC -120.0
DIHEDRAL 21626 21629 21631 21633 $FC  0.0
IMPROPER 21725 21736 21728 21730 $FC -120.0
DIHEDRAL 21760 21763 21765 21767 $FC  0.0
IMPROPER 21859 21870 21862 21864 $FC -120.0
DIHEDRAL 21894 21897 21899 21901 $FC  0.0
IMPROPER 21993 22004 21996 21998 $FC -120.0
DIHEDRAL 22028 22031 22033 22035 $FC  0.0
IMPROPER 22127 22138 22130 22132 $FC -120.0
DIHEDRAL 22162 22165 22167 22169 $FC  0.0
IMPROPER 22261 22272 22264 22266 $FC -120.0
DIHEDRAL 22296 22299 22301 22303 $FC  0.0
IMPROPER 22395 22406 22398 22400 $FC -120.0
DIHEDRAL 22430 22433 22435 22437 $FC  0.0
IMPROPER 22529 22540 22532 22534 $FC -120.0
DIHEDRAL 22564 22567 22569 22571 $FC  0.0
IMPROPER 22663 22674 22666 22668 $FC -120.0
DIHEDRAL 22698 22701 22703 22705 $FC  0.0
IMPROPER 22797 22808 22800 22802 $FC -120.0
DIHEDRAL 22832 22835 22837 22839 $FC  0.0
IMPROPER 22931 22942 22934 22936 $FC -120.0
DIHEDRAL 22966 22969 22971 22973 $FC  0.0
IMPROPER 23065 23076 23068 23070 $FC -120.0
DIHEDRAL 23100 23103 23105 23107 $FC  0.0
IMPROPER 23199 23210 23202 23204 $FC -120.0
DIHEDRAL 23234 23237 23239 23241 $FC  0.0
IMPROPER 23333 23344 23336 23338 $FC -120.0
DIHEDRAL 23368 23371 23373 23375 $FC  0.0
IMPROPER 23467 23478 23470 23472 $FC -120.0
DIHEDRAL 23502 23505 23507 23509 $FC  0.0
IMPROPER 23601 23612 23604 23606 $FC -120.0
DIHEDRAL 23636 23639 23641 23643 $FC  0.0
IMPROPER 23735 23746 23738 23740 $FC -120.0
DIHEDRAL 23770 23773 23775 23777 $FC  0.0
IMPROPER 23869 23880 23872 23874 $FC -120.0
DIHEDRAL 23904 23907 23909 23911 $FC  0.0
IMPROPER 24003 24014 24006 24008 $FC -120.0
DIHEDRAL 24038 24041 24043 24045 $FC  0.0
IMPROPER 24137 24148 24140 24142 $FC -120.0
DIHEDRAL 24172 24175 24177 24179 $FC  0.0
IMPROPER 24271 24282 24274 24276 $FC -120.0
DIHEDRAL 24306 24309 24311 24313 $FC  0.0
IMPROPER 24405 24416 24408 24410 $FC -120.0
DIHEDRAL 24440 24443 24445 24447 $FC  0.0
IMPROPER 24539 24550 24542 24544 $FC -120.0
DIHEDRAL 24574 24577 24579 24581 $FC  0.0
IMPROPER 24673 24684 24676 24678 $FC -120.0
DIHEDRAL 24708 24711 24713 24715 $FC  0.0
IMPROPER 24807 24818 24810 24812 $FC -120.0
DIHEDRAL 24842 24845 24847 24849 $FC  0.0
IMPROPER 24941 24952 24944 24946 $FC -120.0
DIHEDRAL 24976 24979 24981 24983 $FC  0.0
IMPROPER 25075 25086 25078 25080 $FC -120.0
DIHEDRAL 25110 25113 25115 25117 $FC  0.0
IMPROPER 25209 25220 25212 25214 $FC -120.0
DIHEDRAL 25244 25247 25249 25251 $FC  0.0
IMPROPER 25343 25354 25346 25348 $FC -120.0
DIHEDRAL 25378 25381 25383 25385 $FC  0.0
IMPROPER 25477 25488 25480 25482 $FC -120.0
DIHEDRAL 25512 25515 25517 25519 $FC  0.0
IMPROPER 25611 25622 25614 25616 $FC -120.0
DIHEDRAL 25646 25649 25651 25653 $FC  0.0
IMPROPER 25745 25756 25748 25750 $FC -120.0
DIHEDRAL 25780 25783 25785 25787 $FC  0.0
IMPROPER 25879 25890 25882 25884 $FC -120.0
DIHEDRAL 25914 25917 25919 25921 $FC  0.0
IMPROPER 26013 26024 26016 26018 $FC -120.0
DIHEDRAL 26048 26051 26053 26055 $FC  0.0
IMPROPER 26147 26158 26150 26152 $FC -120.0
DIHEDRAL 26182 26185 26187 26189 $FC  0.0
IMPROPER 26281 26292 26284 26286 $FC -120.0
DIHEDRAL 26316 26319 26321 26323 $FC  0.0
IMPROPER 26415 26426 26418 26420 $FC -120.0
DIHEDRAL 26450 26453 26455 26457 $FC  0.0
IMPROPER 26549 26560 26552 26554 $FC -120.0
DIHEDRAL 26584 26587 26589 26591 $FC  0.0
IMPROPER 26683 26694 26686 26688 $FC -120.0
DIHEDRAL 26718 26721 26723 26725 $FC  0.0
IMPROPER 26817 26828 26820 26822 $FC -120.0
DIHEDRAL 26852 26855 26857 26859 $FC  0.0
IMPROPER 26951 26962 26954 26956 $FC -120.0
DIHEDRAL 26986 26989 26991 26993 $FC  0.0
IMPROPER 27085 27096 27088 27090 $FC -120.0
DIHEDRAL 27120 27123 27125 27127 $FC  0.0
IMPROPER 27219 27230 27222 27224 $FC -120.0
DIHEDRAL 27254 27257 27259 27261 $FC  0.0
IMPROPER 27353 27364 27356 27358 $FC -120.0
DIHEDRAL 27388 27391 27393 27395 $FC  0.0
IMPROPER 27487 27498 27490 27492 $FC -120.0
DIHEDRAL 27522 27525 27527 27529 $FC  0.0
IMPROPER 27621 27632 27624 27626 $FC -120.0
DIHEDRAL 27656 27659 27661 27663 $FC  0.0
IMPROPER 27755 27766 27758 27760 $FC -120.0
DIHEDRAL 27790 27793 27795 27797 $FC  0.0
IMPROPER 27889 27900 27892 27894 $FC -120.0
DIHEDRAL 27924 27927 27929 27931 $FC  0.0
IMPROPER 28023 28034 28026 28028 $FC -120.0
DIHEDRAL 28058 28061 28063 28065 $FC  0.0
IMPROPER 28157 28168 28160 28162 $FC -120.0
DIHEDRAL 28192 28195 28197 28199 $FC  0.0
IMPROPER 28291 28302 28294 28296 $FC -120.0
DIHEDRAL 28326 28329 28331 28333 $FC  0.0
IMPROPER 28425 28436 28428 28430 $FC -120.0
DIHEDRAL 28460 28463 28465 28467 $FC  0.0
IMPROPER 28559 28570 28562 28564 $FC -120.0
DIHEDRAL 28594 28597 28599 28601 $FC  0.0
IMPROPER 28693 28704 28696 28698 $FC -120.0
DIHEDRAL 28728 28731 28733 28735 $FC  0.0
IMPROPER 28827 28838 28830 28832 $FC -120.0
DIHEDRAL 28862 28865 28867 28869 $FC  0.0
IMPROPER 28961 28972 28964 28966 $FC -120.0
DIHEDRAL 28996 28999 29001 29003 $FC  0.0
IMPROPER 29095 29106 29098 29100 $FC -120.0
DIHEDRAL 29130 29133 29135 29137 $FC  0.0
IMPROPER 29229 29240 29232 29234 $FC -120.0
DIHEDRAL 29264 29267 29269 29271 $FC  0.0
IMPROPER 29363 29374 29366 29368 $FC -120.0
DIHEDRAL 29398 29401 29403 29405 $FC  0.0
IMPROPER 29497 29508 29500 29502 $FC -120.0
DIHEDRAL 29532 29535 29537 29539 $FC  0.0
IMPROPER 29631 29642 29634 29636 $FC -120.0
DIHEDRAL 29666 29669 29671 29673 $FC  0.0
IMPROPER 29765 29776 29768 29770 $FC -120.0
DIHEDRAL 29800 29803 29805 29807 $FC  0.0
IMPROPER 29899 29910 29902 29904 $FC -120.0
DIHEDRAL 29934 29937 29939 29941 $FC  0.0
IMPROPER 30033 30044 30036 30038 $FC -120.0
DIHEDRAL 30068 30071 30073 30075 $FC  0.0
IMPROPER 30167 30178 30170 30172 $FC -120.0
DIHEDRAL 30202 30205 30207 30209 $FC  0.0
IMPROPER 30301 30312 30304 30306 $FC -120.0
DIHEDRAL 30336 30339 30341 30343 $FC  0.0
IMPROPER 30435 30446 30438 30440 $FC -120.0
DIHEDRAL 30470 30473 30475 30477 $FC  0.0
IMPROPER 30569 30580 30572 30574 $FC -120.0
DIHEDRAL 30604 30607 30609 30611 $FC  0.0
IMPROPER 30703 30714 30706 30708 $FC -120.0
DIHEDRAL 30738 30741 30743 30745 $FC  0.0
IMPROPER 30837 30848 30840 30842 $FC -120.0
DIHEDRAL 30872 30875 30877 30879 $FC  0.0
IMPROPER 30971 30982 30974 30976 $FC -120.0
DIHEDRAL 31006 31009 31011 31013 $FC  0.0
IMPROPER 31105 31116 31108 31110 $FC -120.0
DIHEDRAL 31140 31143 31145 31147 $FC  0.0
IMPROPER 31239 31250 31242 31244 $FC -120.0
DIHEDRAL 31274 31277 31279 31281 $FC  0.0
IMPROPER 31373 31384 31376 31378 $FC -120.0
DIHEDRAL 31408 31411 31413 31415 $FC  0.0
IMPROPER 31507 31518 31510 31512 $FC -120.0
DIHEDRAL 31542 31545 31547 31549 $FC  0.0
IMPROPER 31641 31652 31644 31646 $FC -120.0
DIHEDRAL 31676 31679 31681 31683 $FC  0.0
IMPROPER 31775 31786 31778 31780 $FC -120.0
DIHEDRAL 31810 31813 31815 31817 $FC  0.0
IMPROPER 31909 31920 31912 31914 $FC -120.0
DIHEDRAL 31944 31947 31949 31951 $FC  0.0
IMPROPER 32043 32054 32046 32048 $FC -120.0
DIHEDRAL 32078 32081 32083 32085 $FC  0.0
IMPROPER 32177 32188 32180 32182 $FC -120.0
DIHEDRAL 32212 32215 32217 32219 $FC  0.0
IMPROPER 32311 32322 32314 32316 $FC -120.0
DIHEDRAL 32346 32349 32351 32353 $FC  0.0
IMPROPER 32445 32456 32448 32450 $FC -120.0
DIHEDRAL 32480 32483 32485 32487 $FC  0.0
IMPROPER 32579 32590 32582 32584 $FC -120.0
DIHEDRAL 32614 32617 32619 32621 $FC  0.0
IMPROPER 32713 32724 32716 32718 $FC -120.0
DIHEDRAL 32748 32751 32753 32755 $FC  0.0
IMPROPER 32847 32858 32850 32852 $FC -120.0
DIHEDRAL 32882 32885 32887 32889 $FC  0.0
IMPROPER 32981 32992 32984 32986 $FC -120.0
DIHEDRAL 33016 33019 33021 33023 $FC  0.0
IMPROPER 33115 33126 33118 33120 $FC -120.0
DIHEDRAL 33150 33153 33155 33157 $FC  0.0
IMPROPER 33249 33260 33252 33254 $FC -120.0
DIHEDRAL 33284 33287 33289 33291 $FC  0.0
IMPROPER 33383 33394 33386 33388 $FC -120.0
DIHEDRAL 33418 33421 33423 33425 $FC  0.0
IMPROPER 33517 33528 33520 33522 $FC -120.0
DIHEDRAL 33552 33555 33557 33559 $FC  0.0
IMPROPER 33651 33662 33654 33656 $FC -120.0
DIHEDRAL 33686 33689 33691 33693 $FC  0.0
IMPROPER 33785 33796 33788 33790 $FC -120.0
DIHEDRAL 33820 33823 33825 33827 $FC  0.0
IMPROPER 33919 33930 33922 33924 $FC -120.0
DIHEDRAL 33954 33957 33959 33961 $FC  0.0
IMPROPER 34053 34064 34056 34058 $FC -120.0
DIHEDRAL 34088 34091 34093 34095 $FC  0.0
IMPROPER 34187 34198 34190 34192 $FC -120.0
DIHEDRAL 34222 34225 34227 34229 $FC  0.0
IMPROPER 34321 34332 34324 34326 $FC -120.0
DIHEDRAL 34356 34359 34361 34363 $FC  0.0
IMPROPER 34455 34466 34458 34460 $FC -120.0
DIHEDRAL 34490 34493 34495 34497 $FC  0.0
IMPROPER 34589 34600 34592 34594 $FC -120.0
DIHEDRAL 34624 34627 34629 34631 $FC  0.0
IMPROPER 34723 34734 34726 34728 $FC -120.0
DIHEDRAL 34758 34761 34763 34765 $FC  0.0
IMPROPER 34857 34868 34860 34862 $FC -120.0
DIHEDRAL 34892 34895 34897 34899 $FC  0.0
IMPROPER 34991 35002 34994 34996 $FC -120.0
DIHEDRAL 35026 35029 35031 35033 $FC  0.0
IMPROPER 35125 35136 35128 35130 $FC -120.0
DIHEDRAL 35160 35163 35165 35167 $FC  0.0
IMPROPER 35259 35270 35262 35264 $FC -120.0
DIHEDRAL 35294 35297 35299 35301 $FC  0.0
IMPROPER 35393 35404 35396 35398 $FC -120.0
DIHEDRAL 35428 35431 35433 35435 $FC  0.0
IMPROPER 35527 35538 35530 35532 $FC -120.0
DIHEDRAL 35562 35565 35567 35569 $FC  0.0
IMPROPER 35661 35672 35664 35666 $FC -120.0
DIHEDRAL 35696 35699 35701 35703 $FC  0.0
IMPROPER 35795 35806 35798 35800 $FC -120.0
DIHEDRAL 35830 35833 35835 35837 $FC  0.0
IMPROPER 35929 35940 35932 35934 $FC -120.0
DIHEDRAL 35964 35967 35969 35971 $FC  0.0
IMPROPER 36063 36074 36066 36068 $FC -120.0
DIHEDRAL 36098 36101 36103 36105 $FC  0.0
IMPROPER 36197 36208 36200 36202 $FC -120.0
DIHEDRAL 36232 36235 36237 36239 $FC  0.0
IMPROPER 36331 36342 36334 36336 $FC -120.0
DIHEDRAL 36366 36369 36371 36373 $FC  0.0
IMPROPER 36465 36476 36468 36470 $FC -120.0
DIHEDRAL 36500 36503 36505 36507 $FC  0.0
IMPROPER 36599 36610 36602 36604 $FC -120.0
DIHEDRAL 36634 36637 36639 36641 $FC  0.0
IMPROPER 36733 36744 36736 36738 $FC -120.0
DIHEDRAL 36768 36771 36773 36775 $FC  0.0
IMPROPER 36867 36878 36870 36872 $FC -120.0
DIHEDRAL 36902 36905 36907 36909 $FC  0.0
IMPROPER 37001 37012 37004 37006 $FC -120.0
DIHEDRAL 37036 37039 37041 37043 $FC  0.0
IMPROPER 37135 37146 37138 37140 $FC -120.0
DIHEDRAL 37170 37173 37175 37177 $FC  0.0
IMPROPER 37269 37280 37272 37274 $FC -120.0
DIHEDRAL 37304 37307 37309 37311 $FC  0.0
IMPROPER 37403 37414 37406 37408 $FC -120.0
DIHEDRAL 37438 37441 37443 37445 $FC  0.0
IMPROPER 37537 37548 37540 37542 $FC -120.0
DIHEDRAL 37572 37575 37577 37579 $FC  0.0
IMPROPER 37671 37682 37674 37676 $FC -120.0
DIHEDRAL 37706 37709 37711 37713 $FC  0.0
IMPROPER 37805 37816 37808 37810 $FC -120.0
DIHEDRAL 37840 37843 37845 37847 $FC  0.0
IMPROPER 37939 37950 37942 37944 $FC -120.0
DIHEDRAL 37974 37977 37979 37981 $FC  0.0
IMPROPER 38073 38084 38076 38078 $FC -120.0
DIHEDRAL 38108 38111 38113 38115 $FC  0.0
IMPROPER 38207 38218 38210 38212 $FC -120.0
DIHEDRAL 38242 38245 38247 38249 $FC  0.0
IMPROPER 38341 38352 38344 38346 $FC -120.0
DIHEDRAL 38376 38379 38381 38383 $FC  0.0
IMPROPER 38475 38486 38478 38480 $FC -120.0
DIHEDRAL 38510 38513 38515 38517 $FC  0.0
IMPROPER 38609 38620 38612 38614 $FC -120.0
DIHEDRAL 38644 38647 38649 38651 $FC  0.0
IMPROPER 38743 38754 38746 38748 $FC -120.0
DIHEDRAL 38778 38781 38783 38785 $FC  0.0
IMPROPER 38877 38888 38880 38882 $FC -120.0
DIHEDRAL 38912 38915 38917 38919 $FC  0.0
IMPROPER 39011 39022 39014 39016 $FC -120.0
DIHEDRAL 39046 39049 39051 39053 $FC  0.0
IMPROPER 39145 39156 39148 39150 $FC -120.0
DIHEDRAL 39180 39183 39185 39187 $FC  0.0
IMPROPER 39279 39290 39282 39284 $FC -120.0
DIHEDRAL 39314 39317 39319 39321 $FC  0.0
IMPROPER 39413 39424 39416 39418 $FC -120.0
DIHEDRAL 39448 39451 39453 39455 $FC  0.0
IMPROPER 39547 39558 39550 39552 $FC -120.0
DIHEDRAL 39582 39585 39587 39589 $FC  0.0
IMPROPER 39681 39692 39684 39686 $FC -120.0
DIHEDRAL 39716 39719 39721 39723 $FC  0.0
IMPROPER 39815 39826 39818 39820 $FC -120.0
DIHEDRAL 39850 39853 39855 39857 $FC  0.0
IMPROPER 39949 39960 39952 39954 $FC -120.0
DIHEDRAL 39984 39987 39989 39991 $FC  0.0
IMPROPER 40083 40094 40086 40088 $FC -120.0
DIHEDRAL 40118 40121 40123 40125 $FC  0.0
IMPROPER 40217 40228 40220 40222 $FC -120.0
DIHEDRAL 40252 40255 40257 40259 $FC  0.0
IMPROPER 40351 40362 40354 40356 $FC -120.0
DIHEDRAL 40386 40389 40391 40393 $FC  0.0
IMPROPER 40485 40496 40488 40490 $FC -120.0
DIHEDRAL 40520 40523 40525 40527 $FC  0.0
IMPROPER 40619 40630 40622 40624 $FC -120.0
DIHEDRAL 40654 40657 40659 40661 $FC  0.0
IMPROPER 40753 40764 40756 40758 $FC -120.0
DIHEDRAL 40788 40791 40793 40795 $FC  0.0
IMPROPER 40887 40898 40890 40892 $FC -120.0
DIHEDRAL 40922 40925 40927 40929 $FC  0.0
IMPROPER 41021 41032 41024 41026 $FC -120.0
DIHEDRAL 41056 41059 41061 41063 $FC  0.0
IMPROPER 41155 41166 41158 41160 $FC -120.0
DIHEDRAL 41190 41193 41195 41197 $FC  0.0
IMPROPER 41289 41300 41292 41294 $FC -120.0
DIHEDRAL 41324 41327 41329 41331 $FC  0.0
IMPROPER 41423 41434 41426 41428 $FC -120.0
DIHEDRAL 41458 41461 41463 41465 $FC  0.0
IMPROPER 41557 41568 41560 41562 $FC -120.0
DIHEDRAL 41592 41595 41597 41599 $FC  0.0
IMPROPER 41691 41702 41694 41696 $FC -120.0
DIHEDRAL 41726 41729 41731 41733 $FC  0.0
IMPROPER 41825 41836 41828 41830 $FC -120.0
DIHEDRAL 41860 41863 41865 41867 $FC  0.0
IMPROPER 41959 41970 41962 41964 $FC -120.0
DIHEDRAL 41994 41997 41999 42001 $FC  0.0
IMPROPER 42093 42104 42096 42098 $FC -120.0
DIHEDRAL 42128 42131 42133 42135 $FC  0.0
IMPROPER 42227 42238 42230 42232 $FC -120.0
DIHEDRAL 42262 42265 42267 42269 $FC  0.0
IMPROPER 42361 42372 42364 42366 $FC -120.0
DIHEDRAL 42396 42399 42401 42403 $FC  0.0
IMPROPER 42495 42506 42498 42500 $FC -120.0
DIHEDRAL 42530 42533 42535 42537 $FC  0.0
IMPROPER 42629 42640 42632 42634 $FC -120.0
DIHEDRAL 42664 42667 42669 42671 $FC  0.0
IMPROPER 42763 42774 42766 42768 $FC -120.0
DIHEDRAL 42798 42801 42803 42805 $FC  0.0
IMPROPER 42897 42908 42900 42902 $FC -120.0
DIHEDRAL 42932 42935 42937 42939 $FC  0.0
IMPROPER 43031 43042 43034 43036 $FC -120.0
DIHEDRAL 43066 43069 43071 43073 $FC  0.0
IMPROPER 43165 43176 43168 43170 $FC -120.0
DIHEDRAL 43200 43203 43205 43207 $FC  0.0
IMPROPER 43299 43310 43302 43304 $FC -120.0
DIHEDRAL 43334 43337 43339 43341 $FC  0.0
IMPROPER 43433 43444 43436 43438 $FC -120.0
DIHEDRAL 43468 43471 43473 43475 $FC  0.0
IMPROPER 43567 43578 43570 43572 $FC -120.0
DIHEDRAL 43602 43605 43607 43609 $FC  0.0
IMPROPER 43701 43712 43704 43706 $FC -120.0
DIHEDRAL 43736 43739 43741 43743 $FC  0.0
IMPROPER 43835 43846 43838 43840 $FC -120.0
DIHEDRAL 43870 43873 43875 43877 $FC  0.0
IMPROPER 43969 43980 43972 43974 $FC -120.0
DIHEDRAL 44004 44007 44009 44011 $FC  0.0
IMPROPER 44103 44114 44106 44108 $FC -120.0
DIHEDRAL 44138 44141 44143 44145 $FC  0.0
IMPROPER 44237 44248 44240 44242 $FC -120.0
DIHEDRAL 44272 44275 44277 44279 $FC  0.0
IMPROPER 44371 44382 44374 44376 $FC -120.0
DIHEDRAL 44406 44409 44411 44413 $FC  0.0
IMPROPER 44505 44516 44508 44510 $FC -120.0
DIHEDRAL 44540 44543 44545 44547 $FC  0.0
IMPROPER 44639 44650 44642 44644 $FC -120.0
DIHEDRAL 44674 44677 44679 44681 $FC  0.0
IMPROPER 44773 44784 44776 44778 $FC -120.0
DIHEDRAL 44808 44811 44813 44815 $FC  0.0
IMPROPER 44907 44918 44910 44912 $FC -120.0
DIHEDRAL 44942 44945 44947 44949 $FC  0.0
IMPROPER 45041 45052 45044 45046 $FC -120.0
DIHEDRAL 45076 45079 45081 45083 $FC  0.0
IMPROPER 45175 45186 45178 45180 $FC -120.0
DIHEDRAL 45210 45213 45215 45217 $FC  0.0
IMPROPER 45309 45320 45312 45314 $FC -120.0
DIHEDRAL 45344 45347 45349 45351 $FC  0.0
IMPROPER 45443 45454 45446 45448 $FC -120.0
DIHEDRAL 45478 45481 45483 45485 $FC  0.0
IMPROPER 45577 45588 45580 45582 $FC -120.0
DIHEDRAL 45612 45615 45617 45619 $FC  0.0
IMPROPER 45711 45722 45714 45716 $FC -120.0
DIHEDRAL 45746 45749 45751 45753 $FC  0.0
IMPROPER 45845 45856 45848 45850 $FC -120.0
DIHEDRAL 45880 45883 45885 45887 $FC  0.0
IMPROPER 45979 45990 45982 45984 $FC -120.0
DIHEDRAL 46014 46017 46019 46021 $FC  0.0
IMPROPER 46113 46124 46116 46118 $FC -120.0
DIHEDRAL 46148 46151 46153 46155 $FC  0.0
IMPROPER 46247 46258 46250 46252 $FC -120.0
DIHEDRAL 46282 46285 46287 46289 $FC  0.0
IMPROPER 46381 46392 46384 46386 $FC -120.0
DIHEDRAL 46416 46419 46421 46423 $FC  0.0
IMPROPER 46515 46526 46518 46520 $FC -120.0
DIHEDRAL 46550 46553 46555 46557 $FC  0.0
IMPROPER 46649 46660 46652 46654 $FC -120.0
DIHEDRAL 46684 46687 46689 46691 $FC  0.0
IMPROPER 46783 46794 46786 46788 $FC -120.0
DIHEDRAL 46818 46821 46823 46825 $FC  0.0
IMPROPER 46917 46928 46920 46922 $FC -120.0
DIHEDRAL 46952 46955 46957 46959 $FC  0.0
IMPROPER 47051 47062 47054 47056 $FC -120.0
DIHEDRAL 47086 47089 47091 47093 $FC  0.0
IMPROPER 47185 47196 47188 47190 $FC -120.0
DIHEDRAL 47220 47223 47225 47227 $FC  0.0
IMPROPER 47319 47330 47322 47324 $FC -120.0
DIHEDRAL 47354 47357 47359 47361 $FC  0.0
IMPROPER 47453 47464 47456 47458 $FC -120.0
DIHEDRAL 47488 47491 47493 47495 $FC  0.0
IMPROPER 47587 47598 47590 47592 $FC -120.0
DIHEDRAL 47622 47625 47627 47629 $FC  0.0
IMPROPER 47721 47732 47724 47726 $FC -120.0
DIHEDRAL 47756 47759 47761 47763 $FC  0.0
IMPROPER 47855 47866 47858 47860 $FC -120.0
DIHEDRAL 47890 47893 47895 47897 $FC  0.0
IMPROPER 47989 48000 47992 47994 $FC -120.0
DIHEDRAL 48024 48027 48029 48031 $FC  0.0
IMPROPER 48123 48134 48126 48128 $FC -120.0
DIHEDRAL 48158 48161 48163 48165 $FC  0.0
IMPROPER 48257 48268 48260 48262 $FC -120.0
DIHEDRAL 48292 48295 48297 48299 $FC  0.0
IMPROPER 48391 48402 48394 48396 $FC -120.0
DIHEDRAL 48426 48429 48431 48433 $FC  0.0
IMPROPER 48525 48536 48528 48530 $FC -120.0
DIHEDRAL 48560 48563 48565 48567 $FC  0.0
IMPROPER 48659 48670 48662 48664 $FC -120.0
DIHEDRAL 48694 48697 48699 48701 $FC  0.0
IMPROPER 48793 48804 48796 48798 $FC -120.0
DIHEDRAL 48828 48831 48833 48835 $FC  0.0
IMPROPER 48927 48938 48930 48932 $FC -120.0
DIHEDRAL 48962 48965 48967 48969 $FC  0.0
IMPROPER 49061 49072 49064 49066 $FC -120.0
DIHEDRAL 49096 49099 49101 49103 $FC  0.0
IMPROPER 49195 49206 49198 49200 $FC -120.0
DIHEDRAL 49230 49233 49235 49237 $FC  0.0
IMPROPER 49329 49340 49332 49334 $FC -120.0
DIHEDRAL 49364 49367 49369 49371 $FC  0.0
IMPROPER 49463 49474 49466 49468 $FC -120.0
DIHEDRAL 49498 49501 49503 49505 $FC  0.0
IMPROPER 49597 49608 49600 49602 $FC -120.0
DIHEDRAL 49632 49635 49637 49639 $FC  0.0
IMPROPER 49731 49742 49734 49736 $FC -120.0
DIHEDRAL 49766 49769 49771 49773 $FC  0.0
IMPROPER 49865 49876 49868 49870 $FC -120.0
DIHEDRAL 49900 49903 49905 49907 $FC  0.0
IMPROPER 49999 50010 50002 50004 $FC -120.0
DIHEDRAL 50034 50037 50039 50041 $FC  0.0
IMPROPER 50133 50144 50136 50138 $FC -120.0
DIHEDRAL 50168 50171 50173 50175 $FC  0.0
IMPROPER 50267 50278 50270 50272 $FC -120.0
DIHEDRAL 50302 50305 50307 50309 $FC  0.0
IMPROPER 50401 50412 50404 50406 $FC -120.0
DIHEDRAL 50436 50439 50441 50443 $FC  0.0
IMPROPER 50535 50546 50538 50540 $FC -120.0
DIHEDRAL 50570 50573 50575 50577 $FC  0.0
IMPROPER 50669 50680 50672 50674 $FC -120.0
DIHEDRAL 50704 50707 50709 50711 $FC  0.0
IMPROPER 50803 50814 50806 50808 $FC -120.0
DIHEDRAL 50838 50841 50843 50845 $FC  0.0
IMPROPER 50937 50948 50940 50942 $FC -120.0
DIHEDRAL 50972 50975 50977 50979 $FC  0.0
IMPROPER 51071 51082 51074 51076 $FC -120.0
DIHEDRAL 51106 51109 51111 51113 $FC  0.0
IMPROPER 51205 51216 51208 51210 $FC -120.0
DIHEDRAL 51240 51243 51245 51247 $FC  0.0
IMPROPER 51339 51350 51342 51344 $FC -120.0
DIHEDRAL 51374 51377 51379 51381 $FC  0.0
IMPROPER 51473 51484 51476 51478 $FC -120.0
DIHEDRAL 51508 51511 51513 51515 $FC  0.0
IMPROPER 51607 51618 51610 51612 $FC -120.0
DIHEDRAL 51642 51645 51647 51649 $FC  0.0
IMPROPER 51741 51752 51744 51746 $FC -120.0
DIHEDRAL 51776 51779 51781 51783 $FC  0.0
IMPROPER 51875 51886 51878 51880 $FC -120.0
DIHEDRAL 51910 51913 51915 51917 $FC  0.0
IMPROPER 52009 52020 52012 52014 $FC -120.0
DIHEDRAL 52044 52047 52049 52051 $FC  0.0
IMPROPER 52143 52154 52146 52148 $FC -120.0
DIHEDRAL 52178 52181 52183 52185 $FC  0.0
IMPROPER 52277 52288 52280 52282 $FC -120.0
DIHEDRAL 52312 52315 52317 52319 $FC  0.0
IMPROPER 52411 52422 52414 52416 $FC -120.0
DIHEDRAL 52446 52449 52451 52453 $FC  0.0
IMPROPER 52545 52556 52548 52550 $FC -120.0
DIHEDRAL 52580 52583 52585 52587 $FC  0.0
IMPROPER 52679 52690 52682 52684 $FC -120.0
DIHEDRAL 52714 52717 52719 52721 $FC  0.0
IMPROPER 52813 52824 52816 52818 $FC -120.0
DIHEDRAL 52848 52851 52853 52855 $FC  0.0
IMPROPER 52947 52958 52950 52952 $FC -120.0
DIHEDRAL 52982 52985 52987 52989 $FC  0.0
