   114 EXT
     12483       795  PRA       CBA            -3.1880000000       -2.6950000000       12.2660000000  GHEMEA    1               0.0000000000
     12484       795  PRA       HBA1           -4.0190000000       -3.4230000000       12.3300000000  GHEMEA    1               0.0000000000
     12485       795  PRA       HBA2           -2.3070000000       -3.1640000000       11.7870000000  GHEMEA    1               0.0000000000
     12486       795  PRA       CGA            -2.7840000000       -2.3010000000       13.6920000000  GHEMEA    1               0.0000000000
     12487       795  PRA       O1A            -3.0540000000       -3.1100000000       14.6450000000  GHEMEA    1               0.0000000000
     12488       795  PRA       O2A            -2.1670000000       -1.1980000000       13.8960000000  GHEMEA    1               0.0000000000
     12489       795  PRA       CAA            -3.5950000000       -1.4590000000       11.4310000000  GHEMEA    1               0.0000000000
     12490       795  PRA       HAA1           -2.7240000000       -0.7680000000       11.3720000000  GHEMEA    1               0.0000000000
     12491       795  PRA       HAA2           -4.4020000000       -0.8930000000       11.9340000000  GHEMEA    1               0.0000000000
     12492       796  HEM       FE             -3.3100000000       -2.4610000000        5.8000000000  GHEMEA    2               0.0000000000
     12493       796  HEM       NA             -3.9050000000       -2.3970000000        7.7040000000  GHEMEA    2               0.0000000000
     12494       796  HEM       NB             -5.2040000000       -2.7190000000        5.2130000000  GHEMEA    2               0.0000000000
     12495       796  HEM       NC             -2.7440000000       -2.5390000000        3.8960000000  GHEMEA    2               0.0000000000
     12496       796  HEM       ND             -1.4440000000       -2.1790000000        6.4370000000  GHEMEA    2               0.0000000000
     12497       796  HEM       C1A            -3.1330000000       -2.1120000000        8.8430000000  GHEMEA    2               0.0000000000
     12498       796  HEM       C2A            -4.0070000000       -1.8440000000        9.9850000000  GHEMEA    2               0.0000000000
     12499       796  HEM       C3A            -5.2640000000       -1.9830000000        9.5720000000  GHEMEA    2               0.0000000000
     12500       796  HEM       C4A            -5.2340000000       -2.3300000000        8.1540000000  GHEMEA    2               0.0000000000
     12501       796  HEM       C1B            -6.3460000000       -2.7540000000        6.0120000000  GHEMEA    2               0.0000000000
     12502       796  HEM       C2B            -7.5380000000       -3.0140000000        5.1890000000  GHEMEA    2               0.0000000000
     12503       796  HEM       C3B            -7.1160000000       -3.1260000000        3.9180000000  GHEMEA    2               0.0000000000
     12504       796  HEM       C4B            -5.6730000000       -2.9380000000        3.9090000000  GHEMEA    2               0.0000000000
     12505       796  HEM       C1C            -3.5440000000       -2.6410000000        2.7420000000  GHEMEA    2               0.0000000000
     12506       796  HEM       C2C            -2.7310000000       -2.4510000000        1.5410000000  GHEMEA    2               0.0000000000
     12507       796  HEM       C3C            -1.4570000000       -2.2070000000        1.9490000000  GHEMEA    2               0.0000000000
     12508       796  HEM       C4C            -1.4500000000       -2.2700000000        3.4210000000  GHEMEA    2               0.0000000000
     12509       796  HEM       C1D            -0.3050000000       -2.1200000000        5.6180000000  GHEMEA    2               0.0000000000
     12510       796  HEM       C2D             0.8890000000       -2.0450000000        6.4550000000  GHEMEA    2               0.0000000000
     12511       796  HEM       C3D             0.4870000000       -2.0420000000        7.7500000000  GHEMEA    2               0.0000000000
     12512       796  HEM       C4D            -0.9680000000       -2.1040000000        7.7550000000  GHEMEA    2               0.0000000000
     12513       796  HEM       CHA            -1.7370000000       -2.0800000000        8.8960000000  GHEMEA    2               0.0000000000
     12514       796  HEM       HA             -1.2610000000       -2.0590000000        9.8760000000  GHEMEA    2               0.0000000000
     12515       796  HEM       CHB            -6.3540000000       -2.5710000000        7.3830000000  GHEMEA    2               0.0000000000
     12516       796  HEM       HB             -7.3110000000       -2.6920000000        7.8830000000  GHEMEA    2               0.0000000000
     12517       796  HEM       CHC            -4.8990000000       -2.9370000000        2.7500000000  GHEMEA    2               0.0000000000
     12518       796  HEM       HC             -5.3690000000       -3.1660000000        1.7960000000  GHEMEA    2               0.0000000000
     12519       796  HEM       CHD            -0.3150000000       -2.1210000000        4.2230000000  GHEMEA    2               0.0000000000
     12520       796  HEM       HD              0.6480000000       -2.0020000000        3.7310000000  GHEMEA    2               0.0000000000
     12521       796  HEM       CMA            -6.4760000000       -1.7810000000       10.4790000000  GHEMEA    2               0.0000000000
     12522       796  HEM       HMA            -6.3190000000       -1.5590000000       11.5410000000  GHEMEA    2               0.0000000000
     12523       796  HEM       OMA            -7.6290000000       -1.8040000000       10.0540000000  GHEMEA    2               0.0000000000
     12524       796  HEM       CMB            -8.9960000000       -3.1210000000        5.7140000000  GHEMEA    2               0.0000000000
     12525       796  HEM       HMB1           -9.1330000000       -2.4760000000        6.6060000000  GHEMEA    2               0.0000000000
     12526       796  HEM       HMB2           -9.2430000000       -4.1710000000        5.9740000000  GHEMEA    2               0.0000000000
     12527       796  HEM       HMB3           -9.7050000000       -2.7830000000        4.9280000000  GHEMEA    2               0.0000000000
     12528       796  HEM       CMC            -3.2830000000       -2.4810000000        0.0840000000  GHEMEA    2               0.0000000000
     12529       796  HEM       HMC1           -4.3920000000       -2.5230000000        0.0730000000  GHEMEA    2               0.0000000000
     12530       796  HEM       HMC2           -2.8790000000       -3.3720000000       -0.4370000000  GHEMEA    2               0.0000000000
     12531       796  HEM       HMC3           -2.9640000000       -1.5670000000       -0.4590000000  GHEMEA    2               0.0000000000
     12532       796  HEM       CAC            -0.1830000000       -1.9150000000        1.1060000000  GHEMEA    2               0.0000000000
     12533       796  HEM       HAC             0.7220000000       -1.5910000000        1.6440000000  GHEMEA    2               0.0000000000
     12534       796  HEM       CBC            -0.0760000000       -2.1060000000       -0.2280000000  GHEMEA    2               0.0000000000
     12535       796  HEM       HBC1           -0.9050000000       -2.4760000000       -0.8420000000  GHEMEA    2               0.0000000000
     12536       796  HEM       HBC2            0.8810000000       -1.9120000000       -0.7360000000  GHEMEA    2               0.0000000000
     12537       796  HEM       CMD             2.3580000000       -1.9900000000        5.9290000000  GHEMEA    2               0.0000000000
     12538       796  HEM       HMD1            2.6490000000       -0.9370000000        5.7280000000  GHEMEA    2               0.0000000000
     12539       796  HEM       HMD2            2.4540000000       -2.5840000000        4.9980000000  GHEMEA    2               0.0000000000
     12540       796  HEM       HMD3            3.0540000000       -2.4050000000        6.6890000000  GHEMEA    2               0.0000000000
     12541       796  HEM       C11            -7.9170000000       -3.5600000000        2.6520000000  GHEMEA    2               0.0000000000
     12542       796  HEM       H11            -7.2300000000       -4.0120000000        1.9080000000  GHEMEA    2               0.0000000000
     12543       796  HEM       O11            -8.8960000000       -4.5670000000        2.9900000000  GHEMEA    2               0.0000000000
     12544       796  HEM       HO11           -9.4170000000       -4.7110000000        2.1900000000  GHEMEA    2               0.0000000000
     12545       796  HEM       C12            -8.5570000000       -2.2720000000        2.0320000000  GHEMEA    2               0.0000000000
     12546       796  HEM       H121           -7.7580000000       -1.5400000000        1.7980000000  GHEMEA    2               0.0000000000
     12547       796  HEM       H122           -9.2260000000       -1.8240000000        2.7980000000  GHEMEA    2               0.0000000000
     12548       796  HEM       C13            -9.3990000000       -2.5810000000        0.7590000000  GHEMEA    2               0.0000000000
     12549       796  HEM       H131           -9.9840000000       -1.6570000000        0.5640000000  GHEMEA    2               0.0000000000
     12550       796  HEM       H132          -10.1240000000       -3.3880000000        0.9730000000  GHEMEA    2               0.0000000000
     12551       796  HEM       C14            -8.5470000000       -2.8610000000       -0.4910000000  GHEMEA    2               0.0000000000
     12552       796  HEM       H14            -7.7280000000       -2.1520000000       -0.6340000000  GHEMEA    2               0.0000000000
     12553       796  HEM       C15            -8.8320000000       -3.8630000000       -1.3710000000  GHEMEA    2               0.0000000000
     12554       796  HEM       C26           -10.0230000000       -4.7960000000       -1.1660000000  GHEMEA    2               0.0000000000
     12555       796  HEM       H261          -10.9770000000       -4.2590000000       -1.3470000000  GHEMEA    2               0.0000000000
     12556       796  HEM       H262          -10.0230000000       -5.2250000000       -0.1430000000  GHEMEA    2               0.0000000000
     12557       796  HEM       H263           -9.9350000000       -5.6420000000       -1.8740000000  GHEMEA    2               0.0000000000
     12558       796  HEM       C16            -7.9970000000       -4.0730000000       -2.6360000000  GHEMEA    2               0.0000000000
     12559       796  HEM       H161           -8.0210000000       -3.1290000000       -3.2250000000  GHEMEA    2               0.0000000000
     12560       796  HEM       H162           -8.5020000000       -4.8540000000       -3.2480000000  GHEMEA    2               0.0000000000
     12561       796  HEM       C17            -6.5300000000       -4.4980000000       -2.4130000000  GHEMEA    2               0.0000000000
     12562       796  HEM       H171           -6.4990000000       -5.4300000000       -1.8140000000  GHEMEA    2               0.0000000000
     12563       796  HEM       H172           -5.9920000000       -3.6950000000       -1.8660000000  GHEMEA    2               0.0000000000
     12564       796  HEM       C18            -5.8560000000       -4.7460000000       -3.7680000000  GHEMEA    2               0.0000000000
     12565       796  HEM       H18            -6.5060000000       -4.5880000000       -4.6360000000  GHEMEA    2               0.0000000000
     12566       796  HEM       C19            -4.5530000000       -5.1370000000       -3.8380000000  GHEMEA    2               0.0000000000
     12567       796  HEM       C27            -3.7960000000       -5.3220000000       -2.5350000000  GHEMEA    2               0.0000000000
     12568       796  HEM       H271           -4.2290000000       -6.1620000000       -1.9520000000  GHEMEA    2               0.0000000000
     12569       796  HEM       H272           -3.8250000000       -4.3940000000       -1.9340000000  GHEMEA    2               0.0000000000
     12570       796  HEM       H273           -2.7350000000       -5.5550000000       -2.7540000000  GHEMEA    2               0.0000000000
     12571       796  HEM       C20            -3.8810000000       -5.4050000000       -5.1950000000  GHEMEA    2               0.0000000000
     12572       796  HEM       H201           -2.8690000000       -4.9480000000       -5.1810000000  GHEMEA    2               0.0000000000
     12573       796  HEM       H202           -4.4660000000       -4.9250000000       -6.0090000000  GHEMEA    2               0.0000000000
     12574       796  HEM       C21            -3.7710000000       -6.9440000000       -5.4780000000  GHEMEA    2               0.0000000000
     12575       796  HEM       H211           -4.7840000000       -7.3910000000       -5.5380000000  GHEMEA    2               0.0000000000
     12576       796  HEM       H212           -3.2240000000       -7.4410000000       -4.6490000000  GHEMEA    2               0.0000000000
     12577       796  HEM       C22            -2.9930000000       -7.1930000000       -6.7850000000  GHEMEA    2               0.0000000000
     12578       796  HEM       H22            -1.9080000000       -7.2260000000       -6.6190000000  GHEMEA    2               0.0000000000
     12579       796  HEM       C23            -3.5610000000       -7.3680000000       -8.0190000000  GHEMEA    2               0.0000000000
     12580       796  HEM       C24            -2.6700000000       -7.6170000000       -9.2200000000  GHEMEA    2               0.0000000000
     12581       796  HEM       H241           -2.0570000000       -8.5310000000       -9.0650000000  GHEMEA    2               0.0000000000
     12582       796  HEM       H242           -1.9910000000       -6.7530000000       -9.3800000000  GHEMEA    2               0.0000000000
     12583       796  HEM       H243           -3.2810000000       -7.7570000000      -10.1360000000  GHEMEA    2               0.0000000000
     12584       796  HEM       C25            -5.0680000000       -7.3200000000       -8.2720000000  GHEMEA    2               0.0000000000
     12585       796  HEM       H251           -5.4700000000       -6.3290000000       -7.9730000000  GHEMEA    2               0.0000000000
     12586       796  HEM       H252           -5.5790000000       -8.1110000000       -7.6850000000  GHEMEA    2               0.0000000000
     12587       796  HEM       H253           -5.2830000000       -7.4790000000       -9.3490000000  GHEMEA    2               0.0000000000
     12588       797  PRD       CAD             1.3710000000       -1.9600000000        9.0240000000  GHEMEA    3               0.0000000000
     12589       797  PRD       HAD1            0.8410000000       -1.3300000000        9.7720000000  GHEMEA    3               0.0000000000
     12590       797  PRD       HAD2            2.3250000000       -1.4430000000        8.7770000000  GHEMEA    3               0.0000000000
     12591       797  PRD       CBD             1.6790000000       -3.3470000000        9.6460000000  GHEMEA    3               0.0000000000
     12592       797  PRD       HBD1            2.3300000000       -3.9460000000        8.9830000000  GHEMEA    3               0.0000000000
     12593       797  PRD       HBD2            0.7370000000       -3.9030000000        9.8290000000  GHEMEA    3               0.0000000000
     12594       797  PRD       CGD             2.3840000000       -3.1830000000       11.0110000000  GHEMEA    3               0.0000000000
     12595       797  PRD       O1D             1.8700000000       -2.4700000000       11.9170000000  GHEMEA    3               0.0000000000
     12596       797  PRD       O2D             3.4780000000       -3.7670000000       11.2290000000  GHEMEA    3               0.0000000000

