   114 EXT
     12369       792  PRA       CBA             4.7200000000        9.0900000000       10.5120000000  EHEMEA3   1               0.0000000000
     12370       792  PRA       HBA1            4.5420000000       10.1730000000       10.6450000000  EHEMEA3   1               0.0000000000
     12371       792  PRA       HBA2            3.8210000000        8.6180000000       10.0690000000  EHEMEA3   1               0.0000000000
     12372       792  PRA       CGA             4.9340000000        8.4610000000       11.8920000000  EHEMEA3   1               0.0000000000
     12373       792  PRA       O1A             4.7240000000        9.1820000000       12.9200000000  EHEMEA3   1               0.0000000000
     12374       792  PRA       O2A             5.3140000000        7.2420000000       11.9860000000  EHEMEA3   1               0.0000000000
     12375       792  PRA       CAA             5.9560000000        8.8190000000        9.6250000000  EHEMEA3   1               0.0000000000
     12376       792  PRA       HAA1            6.2120000000        7.7370000000        9.6470000000  EHEMEA3   1               0.0000000000
     12377       792  PRA       HAA2            6.8350000000        9.3810000000       10.0060000000  EHEMEA3   1               0.0000000000
     12378       793  HEM       FE              4.3780000000        8.3350000000        4.0760000000  EHEMEA3   2               0.0000000000
     12379       793  HEM       NA              4.9760000000        9.1070000000        5.9560000000  EHEMEA3   2               0.0000000000
     12380       793  HEM       NB              4.9420000000       10.2060000000        3.1600000000  EHEMEA3   2               0.0000000000
     12381       793  HEM       NC              4.1220000000        7.5210000000        2.1710000000  EHEMEA3   2               0.0000000000
     12382       793  HEM       ND              4.1850000000        6.4170000000        4.9400000000  EHEMEA3   2               0.0000000000
     12383       793  HEM       C1A             5.0740000000        8.3470000000        7.1290000000  EHEMEA3   2               0.0000000000
     12384       793  HEM       C2A             5.6520000000        9.2170000000        8.1520000000  EHEMEA3   2               0.0000000000
     12385       793  HEM       C3A             5.8980000000       10.4360000000        7.5920000000  EHEMEA3   2               0.0000000000
     12386       793  HEM       C4A             5.4640000000       10.3970000000        6.1920000000  EHEMEA3   2               0.0000000000
     12387       793  HEM       C1B             5.2720000000       11.3660000000        3.8610000000  EHEMEA3   2               0.0000000000
     12388       793  HEM       C2B             5.3160000000       12.4590000000        2.8720000000  EHEMEA3   2               0.0000000000
     12389       793  HEM       C3B             5.0360000000       11.9440000000        1.6470000000  EHEMEA3   2               0.0000000000
     12390       793  HEM       C4B             4.7860000000       10.4950000000        1.8060000000  EHEMEA3   2               0.0000000000
     12391       793  HEM       C1C             4.2110000000        8.2100000000        0.9580000000  EHEMEA3   2               0.0000000000
     12392       793  HEM       C2C             3.9780000000        7.2540000000       -0.1240000000  EHEMEA3   2               0.0000000000
     12393       793  HEM       C3C             3.7500000000        6.0240000000        0.4270000000  EHEMEA3   2               0.0000000000
     12394       793  HEM       C4C             3.8360000000        6.1680000000        1.8920000000  EHEMEA3   2               0.0000000000
     12395       793  HEM       C1D             3.9470000000        5.2470000000        4.2270000000  EHEMEA3   2               0.0000000000
     12396       793  HEM       C2D             3.9820000000        4.1360000000        5.1940000000  EHEMEA3   2               0.0000000000
     12397       793  HEM       C3D             4.2460000000        4.6490000000        6.4200000000  EHEMEA3   2               0.0000000000
     12398       793  HEM       C4D             4.3820000000        6.1050000000        6.2820000000  EHEMEA3   2               0.0000000000
     12399       793  HEM       CHA             4.6650000000        7.0120000000        7.3000000000  EHEMEA3   2               0.0000000000
     12400       793  HEM       HA              4.5540000000        6.6990000000        8.3360000000  EHEMEA3   2               0.0000000000
     12401       793  HEM       CHB             5.5110000000       11.4390000000        5.2460000000  EHEMEA3   2               0.0000000000
     12402       793  HEM       HB              5.7140000000       12.4300000000        5.6480000000  EHEMEA3   2               0.0000000000
     12403       793  HEM       CHC             4.4670000000        9.5780000000        0.8060000000  EHEMEA3   2               0.0000000000
     12404       793  HEM       HC              4.3090000000        9.9750000000       -0.1940000000  EHEMEA3   2               0.0000000000
     12405       793  HEM       CHD             3.6950000000        5.1670000000        2.8410000000  EHEMEA3   2               0.0000000000
     12406       793  HEM       HD              3.3160000000        4.2180000000        2.4650000000  EHEMEA3   2               0.0000000000
     12407       793  HEM       CMA             6.5270000000       11.6270000000        8.3230000000  EHEMEA3   2               0.0000000000
     12408       793  HEM       HMA             6.7770000000       11.5290000000        9.3890000000  EHEMEA3   2               0.0000000000
     12409       793  HEM       OMA             6.9620000000       12.6090000000        7.6800000000  EHEMEA3   2               0.0000000000
     12410       793  HEM       CMB             5.6300000000       13.9560000000        3.1740000000  EHEMEA3   2               0.0000000000
     12411       793  HEM       HMB1            5.8390000000       14.1000000000        4.2550000000  EHEMEA3   2               0.0000000000
     12412       793  HEM       HMB2            4.7550000000       14.5790000000        2.8940000000  EHEMEA3   2               0.0000000000
     12413       793  HEM       HMB3            6.5130000000       14.2900000000        2.5890000000  EHEMEA3   2               0.0000000000
     12414       793  HEM       CMC             4.0130000000        7.6100000000       -1.6370000000  EHEMEA3   2               0.0000000000
     12415       793  HEM       HMC1            4.5990000000        6.8470000000       -2.1930000000  EHEMEA3   2               0.0000000000
     12416       793  HEM       HMC2            4.4930000000        8.5980000000       -1.7970000000  EHEMEA3   2               0.0000000000
     12417       793  HEM       HMC3            2.9810000000        7.6440000000       -2.0220000000  EHEMEA3   2               0.0000000000
     12418       793  HEM       CAC             3.4720000000        4.6990000000       -0.3310000000  EHEMEA3   2               0.0000000000
     12419       793  HEM       HAC             3.6070000000        3.7430000000        0.1980000000  EHEMEA3   2               0.0000000000
     12420       793  HEM       CBC             2.9660000000        4.7030000000       -1.5810000000  EHEMEA3   2               0.0000000000
     12421       793  HEM       HBC1            2.7050000000        5.6070000000       -2.1360000000  EHEMEA3   2               0.0000000000
     12422       793  HEM       HBC2            2.7460000000        3.7480000000       -2.0790000000  EHEMEA3   2               0.0000000000
     12423       793  HEM       CMD             3.7640000000        2.6310000000        4.8350000000  EHEMEA3   2               0.0000000000
     12424       793  HEM       HMD1            4.6940000000        2.0650000000        5.0570000000  EHEMEA3   2               0.0000000000
     12425       793  HEM       HMD2            3.5260000000        2.5150000000        3.7590000000  EHEMEA3   2               0.0000000000
     12426       793  HEM       HMD3            2.9390000000        2.2090000000        5.4470000000  EHEMEA3   2               0.0000000000
     12427       793  HEM       C11             5.0840000000       12.7240000000        0.2910000000  EHEMEA3   2               0.0000000000
     12428       793  HEM       H11             5.7220000000       13.6240000000        0.4160000000  EHEMEA3   2               0.0000000000
     12429       793  HEM       O11             5.6980000000       11.8890000000       -0.7160000000  EHEMEA3   2               0.0000000000
     12430       793  HEM       HO11            6.5290000000       11.5740000000       -0.3260000000  EHEMEA3   2               0.0000000000
     12431       793  HEM       C12             3.6610000000       13.1840000000       -0.1400000000  EHEMEA3   2               0.0000000000
     12432       793  HEM       H121            3.1600000000       13.6580000000        0.7290000000  EHEMEA3   2               0.0000000000
     12433       793  HEM       H122            3.0800000000       12.2890000000       -0.4450000000  EHEMEA3   2               0.0000000000
     12434       793  HEM       C13             3.7170000000       14.2230000000       -1.3130000000  EHEMEA3   2               0.0000000000
     12435       793  HEM       H131            4.3900000000       13.8330000000       -2.1060000000  EHEMEA3   2               0.0000000000
     12436       793  HEM       H132            4.1650000000       15.1670000000       -0.9410000000  EHEMEA3   2               0.0000000000
     12437       793  HEM       C14             2.3420000000       14.4750000000       -1.9480000000  EHEMEA3   2               0.0000000000
     12438       793  HEM       H14             2.0260000000       13.6630000000       -2.6130000000  EHEMEA3   2               0.0000000000
     12439       793  HEM       C15             1.5580000000       15.5620000000       -1.6710000000  EHEMEA3   2               0.0000000000
     12440       793  HEM       C26             1.9790000000       16.6440000000       -0.6840000000  EHEMEA3   2               0.0000000000
     12441       793  HEM       H261            2.8950000000       17.1520000000       -1.0470000000  EHEMEA3   2               0.0000000000
     12442       793  HEM       H262            2.1780000000       16.1970000000        0.3100000000  EHEMEA3   2               0.0000000000
     12443       793  HEM       H263            1.1750000000       17.4020000000       -0.5820000000  EHEMEA3   2               0.0000000000
     12444       793  HEM       C16             0.2000000000       15.7330000000       -2.3600000000  EHEMEA3   2               0.0000000000
     12445       793  HEM       H161           -0.4410000000       16.3930000000       -1.7370000000  EHEMEA3   2               0.0000000000
     12446       793  HEM       H162           -0.3050000000       14.7460000000       -2.4340000000  EHEMEA3   2               0.0000000000
     12447       793  HEM       C17             0.3210000000       16.3540000000       -3.7910000000  EHEMEA3   2               0.0000000000
     12448       793  HEM       H171           -0.6870000000       16.3800000000       -4.2520000000  EHEMEA3   2               0.0000000000
     12449       793  HEM       H172            0.9550000000       15.6830000000       -4.4060000000  EHEMEA3   2               0.0000000000
     12450       793  HEM       C18             0.9790000000       17.7610000000       -3.8010000000  EHEMEA3   2               0.0000000000
     12451       793  HEM       H18             2.0360000000       17.7380000000       -3.5110000000  EHEMEA3   2               0.0000000000
     12452       793  HEM       C19             0.3160000000       18.9030000000       -4.1420000000  EHEMEA3   2               0.0000000000
     12453       793  HEM       C27            -1.1570000000       18.9070000000       -4.5380000000  EHEMEA3   2               0.0000000000
     12454       793  HEM       H271           -1.7820000000       18.5420000000       -3.6960000000  EHEMEA3   2               0.0000000000
     12455       793  HEM       H272           -1.3190000000       18.2530000000       -5.4210000000  EHEMEA3   2               0.0000000000
     12456       793  HEM       H273           -1.4780000000       19.9350000000       -4.8040000000  EHEMEA3   2               0.0000000000
     12457       793  HEM       C20             1.0930000000       20.2330000000       -4.1230000000  EHEMEA3   2               0.0000000000
     12458       793  HEM       H201            0.9920000000       20.7000000000       -5.1270000000  EHEMEA3   2               0.0000000000
     12459       793  HEM       H202            2.1760000000       20.0520000000       -3.9450000000  EHEMEA3   2               0.0000000000
     12460       793  HEM       C21             0.5480000000       21.2200000000       -3.0550000000  EHEMEA3   2               0.0000000000
     12461       793  HEM       H211           -0.5390000000       21.3880000000       -3.2030000000  EHEMEA3   2               0.0000000000
     12462       793  HEM       H212            1.0660000000       22.1940000000       -3.1790000000  EHEMEA3   2               0.0000000000
     12463       793  HEM       C22             0.7870000000       20.6580000000       -1.6460000000  EHEMEA3   2               0.0000000000
     12464       793  HEM       H22             0.3570000000       19.6560000000       -1.5210000000  EHEMEA3   2               0.0000000000
     12465       793  HEM       C23             1.4220000000       21.3130000000       -0.6240000000  EHEMEA3   2               0.0000000000
     12466       793  HEM       C24             1.5500000000       20.5920000000        0.7110000000  EHEMEA3   2               0.0000000000
     12467       793  HEM       H241            2.1150000000       19.6470000000        0.5730000000  EHEMEA3   2               0.0000000000
     12468       793  HEM       H242            0.5450000000       20.3590000000        1.1210000000  EHEMEA3   2               0.0000000000
     12469       793  HEM       H243            2.0940000000       21.2280000000        1.4390000000  EHEMEA3   2               0.0000000000
     12470       793  HEM       C25             2.0010000000       22.7250000000       -0.7560000000  EHEMEA3   2               0.0000000000
     12471       793  HEM       H251            1.2010000000       23.4440000000       -1.0290000000  EHEMEA3   2               0.0000000000
     12472       793  HEM       H252            2.7910000000       22.7370000000       -1.5360000000  EHEMEA3   2               0.0000000000
     12473       793  HEM       H253            2.4530000000       23.0430000000        0.2060000000  EHEMEA3   2               0.0000000000
     12474       794  PRD       CAD             4.3530000000        3.9110000000        7.7740000000  EHEMEA3   3               0.0000000000
     12475       794  PRD       HAD1            3.4720000000        3.2310000000        7.8290000000  EHEMEA3   3               0.0000000000
     12476       794  PRD       HAD2            4.2440000000        4.6460000000        8.6010000000  EHEMEA3   3               0.0000000000
     12477       794  PRD       CBD             5.6200000000        3.0620000000        8.0090000000  EHEMEA3   3               0.0000000000
     12478       794  PRD       HBD1            6.5210000000        3.6890000000        8.1350000000  EHEMEA3   3               0.0000000000
     12479       794  PRD       HBD2            5.7730000000        2.3260000000        7.1970000000  EHEMEA3   3               0.0000000000
     12480       794  PRD       CGD             5.3060000000        2.3130000000        9.3170000000  EHEMEA3   3               0.0000000000
     12481       794  PRD       O1D             5.5570000000        2.8670000000       10.4330000000  EHEMEA3   3               0.0000000000
     12482       794  PRD       O2D             4.7870000000        1.1660000000        9.2320000000  EHEMEA3   3               0.0000000000

