        60  EXT
      6166       787  PRA       CBA                 81.32400            56.90900            43.53900  EHEM      559                  0.00000
      6167       787  PRA       CGA                 81.55500            55.95800            42.36900  EHEM      559                  0.00000
      6168       787  PRA       O1A                 81.28500            56.33300            41.23000  EHEM      559                  0.00000
      6169       787  PRA       O2A                 82.09400            54.77200            42.54500  EHEM      559                  0.00000
      6170       787  PRA       CAA                 81.63900            58.27200            42.90500  EHEM      559                  0.00000
      6171       787  HEA       FE                  80.52700            62.98600            45.52200  EHEM      559                  0.00000
      6172       787  HEA       NA                  81.57700            61.31000            44.90300  EHEM      559                  0.00000
      6173       787  HEA       NB                  82.14100            63.43000            46.59300  EHEM      559                  0.00000
      6174       787  HEA       NC                  79.52000            64.75500            46.07200  EHEM      559                  0.00000
      6175       787  HEA       ND                  78.90200            62.62100            44.45200  EHEM      559                  0.00000
      6176       787  HEA       C1A                 80.99300            60.46400            44.09500  EHEM      559                  0.00000
      6177       787  HEA       C2A                 81.91700            59.47200            43.77300  EHEM      559                  0.00000
      6178       787  HEA       C3A                 83.07700            59.79200            44.50500  EHEM      559                  0.00000
      6179       787  HEA       C4A                 82.77000            60.93400            45.26900  EHEM      559                  0.00000
      6180       787  HEA       C1B                 83.29800            62.74300            46.67500  EHEM      559                  0.00000
      6181       787  HEA       C2B                 84.23100            63.42300            47.65100  EHEM      559                  0.00000
      6182       787  HEA       C3B                 83.48200            64.59600            48.08500  EHEM      559                  0.00000
      6183       787  HEA       C4B                 82.15900            64.52900            47.43000  EHEM      559                  0.00000
      6184       787  HEA       C1C                 80.05800            65.68000            46.85200  EHEM      559                  0.00000
      6185       787  HEA       C2C                 79.10300            66.76000            47.04700  EHEM      559                  0.00000
      6186       787  HEA       C3C                 77.97300            66.39600            46.21500  EHEM      559                  0.00000
      6187       787  HEA       C4C                 78.34000            65.12000            45.63200  EHEM      559                  0.00000
      6188       787  HEA       C1D                 77.77700            63.28700            44.28000  EHEM      559                  0.00000
      6189       787  HEA       C2D                 76.80000            62.53100            43.36400  EHEM      559                  0.00000
      6190       787  HEA       C3D                 77.54600            61.30100            43.00100  EHEM      559                  0.00000
      6191       787  HEA       C4D                 78.82800            61.46800            43.69500  EHEM      559                  0.00000
      6192       787  HEA       CHA                 79.73300            60.42100            43.43400  EHEM      559                  0.00000
      6193       787  HEA       CHB                 83.82400            61.48700            46.10000  EHEM      559                  0.00000
      6194       787  HEA       CHC                 81.30500            65.68800            47.58800  EHEM      559                  0.00000
      6195       787  HEA       CHD                 77.31600            64.50800            44.82400  EHEM      559                  0.00000
      6196       787  HEA       CMA                 84.22300            58.93400            44.57000  EHEM      559                  0.00000
      6197       787  HEA       OMA                 85.44000            59.57500            44.70500  EHEM      559                  0.00000
      6198       787  HEA       CMB                 85.61300            63.11800            48.08400  EHEM      559                  0.00000
      6199       787  HEA       CMC                 79.32800            67.98000            47.92900  EHEM      559                  0.00000
      6200       787  HEA       CAC                 76.67500            67.05000            45.93600  EHEM      559                  0.00000
      6201       787  HEA       CBC                 76.30200            68.19200            46.53300  EHEM      559                  0.00000
      6202       787  HEA       CMD                 75.38100            62.90500            42.88500  EHEM      559                  0.00000
      6203       787  HEA       C11                 84.17700            65.59300            49.01300  EHEM      559                  0.00000
      6204       787  HEA       O11                 85.31100            65.48300            49.49400  EHEM      559                  0.00000
      6205       787  HEA       C12                 83.56500            66.86800            49.40800  EHEM      559                  0.00000
      6206       787  HEA       C13                 84.70600            67.78200            49.95800  EHEM      559                  0.00000
      6207       787  HEA       C14                 83.68100            68.86400            50.37300  EHEM      559                  0.00000
      6208       787  HEA       C15                 83.53100            68.82900            51.87500  EHEM      559                  0.00000
      6209       787  HEA       C26                 84.87400            68.60700            52.56600  EHEM      559                  0.00000
      6210       787  HEA       C16                 82.72300            70.05000            52.15500  EHEM      559                  0.00000
      6211       787  HEA       C17                 81.28000            69.77100            51.81900  EHEM      559                  0.00000
      6212       787  HEA       C18                 80.48200            70.85800            52.42900  EHEM      559                  0.00000
      6213       787  HEA       C19                 79.06200            70.37700            52.52900  EHEM      559                  0.00000
      6214       787  HEA       C27                 78.59400            69.41800            51.43600  EHEM      559                  0.00000
      6215       787  HEA       C20                 78.15600            71.60700            52.53300  EHEM      559                  0.00000
      6216       787  HEA       C21                 77.30900            71.50700            53.79500  EHEM      559                  0.00000
      6217       787  HEA       C22                 76.13200            72.49800            53.86400  EHEM      559                  0.00000
      6218       787  HEA       C23                 76.45800            73.38900            55.12000  EHEM      559                  0.00000
      6219       787  HEA       C24                 75.40600            74.43900            55.32000  EHEM      559                  0.00000
      6220       787  HEA       C25                 77.90800            73.81900            55.22700  EHEM      559                  0.00000
      6221       787  PRD       CAD                 77.10500            60.21200            42.03900  EHEM      559                  0.00000
      6222       787  PRD       CBD                 76.39300            59.09300            42.94000  EHEM      559                  0.00000
      6223       787  PRD       CGD                 75.88000            57.87600            42.12700  EHEM      559                  0.00000
      6224       787  PRD       O1D                 74.66700            57.51000            41.92800  EHEM      559                  0.00000
      6225       787  PRD       O2D                 76.84800            57.33800            41.43800  EHEM      559                  0.00000
