        60  EXT
      6226       788  PRA       CAA                 76.72700            63.84300            31.09800  GHEM      560                  0.00000
      6227       788  PRA       CBA                 78.05200            63.22400            31.39300  GHEM      560                  0.00000
      6228       788  PRA       CGA                 77.63400            61.75000            31.21900  GHEM      560                  0.00000
      6229       788  PRA       O1A                 76.83700            61.19800            31.96600  GHEM      560                  0.00000
      6230       788  PRA       O2A                 78.08500            61.01500            30.22900  GHEM      560                  0.00000
      6231       788  HEA       FE                  76.60300            68.65400            34.17400  GHEM      560                  0.00000
      6232       788  HEA       NA                  76.71400            67.34600            32.48500  GHEM      560                  0.00000
      6233       788  HEA       NB                  76.69200            70.17000            32.74800  GHEM      560                  0.00000
      6234       788  HEA       NC                  76.32100            70.03700            35.80400  GHEM      560                  0.00000
      6235       788  HEA       ND                  76.26600            67.10000            35.58000  GHEM      560                  0.00000
      6236       788  HEA       C1A                 76.63400            66.03900            32.65900  GHEM      560                  0.00000
      6237       788  HEA       C2A                 76.73800            65.33900            31.34400  GHEM      560                  0.00000
      6238       788  HEA       C3A                 76.89000            66.44800            30.39000  GHEM      560                  0.00000
      6239       788  HEA       C4A                 76.83100            67.67000            31.23700  GHEM      560                  0.00000
      6240       788  HEA       C1B                 76.81100            70.09300            31.41700  GHEM      560                  0.00000
      6241       788  HEA       C2B                 76.91700            71.44800            30.76400  GHEM      560                  0.00000
      6242       788  HEA       C3B                 76.80800            72.34500            31.94200  GHEM      560                  0.00000
      6243       788  HEA       C4B                 76.64800            71.44500            33.13200  GHEM      560                  0.00000
      6244       788  HEA       C1C                 76.30300            71.35400            35.62800  GHEM      560                  0.00000
      6245       788  HEA       C2C                 76.15500            72.10200            36.91700  GHEM      560                  0.00000
      6246       788  HEA       C3C                 76.02200            70.99700            37.92000  GHEM      560                  0.00000
      6247       788  HEA       C4C                 76.10200            69.73800            37.09700  GHEM      560                  0.00000
      6248       788  HEA       C1D                 76.10200            67.21900            36.91500  GHEM      560                  0.00000
      6249       788  HEA       C2D                 76.00800            65.89900            37.59400  GHEM      560                  0.00000
      6250       788  HEA       C3D                 76.14300            64.97300            36.44200  GHEM      560                  0.00000
      6251       788  HEA       C4D                 76.31800            65.82400            35.23000  GHEM      560                  0.00000
      6252       788  HEA       CHA                 76.46900            65.24200            33.89400  GHEM      560                  0.00000
      6253       788  HEA       CHB                 76.94700            68.95200            30.55200  GHEM      560                  0.00000
      6254       788  HEA       CHC                 76.52000            72.08900            34.43400  GHEM      560                  0.00000
      6255       788  HEA       CHD                 76.00700            68.42100            37.76000  GHEM      560                  0.00000
      6256       788  HEA       CMA                 77.10200            66.46800            28.90200  GHEM      560                  0.00000
      6257       788  HEA       OMA                 75.84300            66.84600            28.40900  GHEM      560                  0.00000
      6258       788  HEA       CMB                 77.13500            71.82900            29.32300  GHEM      560                  0.00000
      6259       788  HEA       CMC                 76.14000            73.60300            37.09800  GHEM      560                  0.00000
      6260       788  HEA       CAC                 75.83200            71.02100            39.41400  GHEM      560                  0.00000
      6261       788  HEA       CBC                 75.77100            72.11500            40.16500  GHEM      560                  0.00000
      6262       788  HEA       CMD                 75.81600            65.58100            39.07600  GHEM      560                  0.00000
      6263       788  HEA       C11                 76.75600            73.85600            32.05400  GHEM      560                  0.00000
      6264       788  HEA       O11                 76.65000            74.33000            33.10300  GHEM      560                  0.00000
      6265       788  HEA       C12                 77.01100            74.95200            31.08300  GHEM      560                  0.00000
      6266       788  HEA       C13                 78.42900            75.23500            31.68200  GHEM      560                  0.00000
      6267       788  HEA       C14                 78.95500            76.67400            31.65900  GHEM      560                  0.00000
      6268       788  HEA       C15                 80.51300            76.72800            31.54600  GHEM      560                  0.00000
      6269       788  HEA       C26                 81.04300            76.87200            30.12500  GHEM      560                  0.00000
      6270       788  HEA       C16                 81.38200            77.56000            32.49300  GHEM      560                  0.00000
      6271       788  HEA       C17                 81.84900            79.01800            32.14700  GHEM      560                  0.00000
      6272       788  HEA       C18                 81.32600            79.82700            30.90800  GHEM      560                  0.00000
      6273       788  HEA       C19                 82.50400            80.39100            30.12200  GHEM      560                  0.00000
      6274       788  HEA       C27                 83.68700            80.97400            30.92400  GHEM      560                  0.00000
      6275       788  HEA       C20                 82.06000            81.24700            28.93700  GHEM      560                  0.00000
      6276       788  HEA       C21                 82.84600            80.94400            27.63000  GHEM      560                  0.00000
      6277       788  HEA       C22                 83.60700            79.60800            27.54100  GHEM      560                  0.00000
      6278       788  HEA       C23                 83.03700            78.82500            26.34900  GHEM      560                  0.00000
      6279       788  HEA       C24                 82.92300            77.28200            26.52000  GHEM      560                  0.00000
      6280       788  HEA       C25                 83.80600            79.17800            25.07200  GHEM      560                  0.00000
      6281       788  PRD       CAD                 76.08500            63.47000            36.50400  GHEM      560                  0.00000
      6282       788  PRD       CBD                 74.69100            63.09700            37.01600  GHEM      560                  0.00000
      6283       788  PRD       CGD                 74.83000            61.60300            37.27700  GHEM      560                  0.00000
      6284       788  PRD       O1D                 75.04700            61.12900            38.40900  GHEM      560                  0.00000
      6285       788  PRD       O2D                 74.74600            60.82800            36.19300  GHEM      560                  0.00000
